result at scale = 0.125
times
[287.3241596221924, 301.1668827533722, 304.50503277778625, 304.1110472679138, 304.9490969181061, 304.12319231033325, 304.71102571487427, 304.1574635505676, 304.3844983577728, 296.5146436691284, 298.1321222782135, 297.5964365005493, 297.50708842277527, 296.5183620452881, 296.5700545310974, 295.0521984100342, 213.0411036014557, 291.3796203136444, 284.83125948905945, 281.17950463294983]
errors
[846915.0, 846915.0, 846915.0, 846915.0, 846915.0, 846915.0, 846915.0, 846915.0, 846915.0, 846915.0, 846915.0, 846915.0, 846915.0, 887117090.8460045, 846915.0, 846915.0, 81917.53561300552, 846915.0, 846915.0, 846915.0]
relative_error
[1.0, 1.0, 1.0, 1.0, 1.0, 1.0, 1.0, 1.0, 1.0, 1.0, 1.0, 1.0, 1.0, 1047.4688615103103, 1.0, 1.0, 0.09672462480060634, 1.0, 1.0, 1.0]
average times
293.3877396583557
average errors
45122173.919080876
average relative_error
53.27827930675554
