result at scale = 0.125
times
[30416.96497321129, 29348.620057106018, 29293.039396762848, 29216.61430811882, 28943.108746528625, 25928.36923623085, 25908.034369707108, 25783.94735097885, 24964.97233915329, 24996.904808998108, 24923.290562152863, 24908.117703914642, 24905.916089773178, 24913.010036945343, 24919.43437886238, 24898.690272331238, 24900.875419139862, 24902.3210773468, 25033.382917642593, 24931.26851415634]
errors
[794210.0, 794210.0, 794210.0, 794210.0, 794210.0, 794210.0, 794210.0, 794210.0, 794210.0, 794210.0, 794210.0, 794210.0, 794210.0, 794210.0, 794210.0, 794210.0, 794210.0, 794210.0, 794210.0, 794210.0]
relative_error
[1.0, 1.0, 1.0, 1.0, 1.0, 1.0, 1.0, 1.0, 1.0, 1.0, 1.0, 1.0, 1.0, 1.0, 1.0, 1.0, 1.0, 1.0, 1.0, 1.0]
average times
26201.844127953053
average errors
794210.0
average relative_error
1.0
