result at scale = 0.125
times
[2.280949115753174, 2.1248717308044434, 2.0848448276519775, 2.1014437675476074, 2.081482172012329, 2.0978434085845947, 2.0839202404022217, 2.076491117477417, 2.0918381214141846, 2.1036200523376465, 2.1044633388519287, 2.101301670074463, 2.1092002391815186, 2.0936357975006104, 2.0933127403259277, 2.086913824081421, 2.1025259494781494, 2.093503952026367, 2.0995941162109375, 2.1159508228302]
errors
[29756.0, 29756.0, 29756.0, 29756.0, 29756.0, 29756.0, 29756.0, 29756.0, 29756.0, 29756.0, 29756.0, 29756.0, 29756.0, 29756.0, 29756.0, 29756.0, 29756.0, 29756.0, 29756.0, 29756.0]
relative_error
[1.0, 1.0, 1.0, 1.0, 1.0, 1.0, 1.0, 1.0, 1.0, 1.0, 1.0, 1.0, 1.0, 1.0, 1.0, 1.0, 1.0, 1.0, 1.0, 1.0]
average times
2.106385350227356
average errors
29756.0
average relative_error
1.0
result at scale = 0.25
times
[4.746221303939819, 4.8255534172058105, 4.735534906387329, 4.7438576221466064, 4.609683036804199, 4.658829212188721, 4.577008962631226, 4.59728217124939, 4.623319625854492, 4.610015869140625, 4.593390941619873, 4.6157050132751465, 4.613081693649292, 4.649133920669556, 4.661357879638672, 4.658574104309082, 4.549522876739502, 4.614099979400635, 4.596557855606079, 5.492548942565918]
errors
[60017.0, 60017.0, 60017.0, 60017.0, 60017.0, 60017.0, 8725969408.126595, 60017.0, 60017.0, 60017.0, 60017.0, 60017.0, 60017.0, 60017.0, 60017.0, 60017.0, 60017.0, 60017.0, 60017.0, 60017.0]
relative_error
[1.0, 1.0, 1.0, 1.0, 1.0, 1.0, 145391.62917384398, 1.0, 1.0, 1.0, 1.0, 1.0, 1.0, 1.0, 1.0, 1.0, 1.0, 1.0, 1.0, 1.0]
average times
4.688563966751099
average errors
436355486.5563297
average relative_error
7270.531458692199
result at scale = 0.5
times
[12.686412811279297, 11.746015787124634, 11.73362398147583, 12.943904638290405, 10.838756322860718, 11.309305667877197, 10.835001707077026, 11.119931936264038, 10.838279962539673, 10.853195905685425, 10.689274549484253, 12.257248401641846, 12.58686900138855, 10.863921403884888, 11.126489400863647, 10.70868992805481, 10.860475301742554, 10.713607549667358, 10.819977521896362, 10.706656217575073]
errors
[120257.0, 120257.0, 120257.0, 120257.0, 120257.0, 120257.0, 120257.0, 120257.0, 120257.0, 120257.0, 1588600.780768935, 120257.0, 9621073541.865463, 120257.0, 120257.0, 120257.0, 120257.0, 120257.0, 120257.0, 120257.0]
relative_error
[1.0, 1.0, 1.0, 1.0, 1.0, 1.0, 1.0, 1.0, 1.0, 1.0, 13.210048319590005, 1.0, 80004.2703698368, 1.0, 1.0, 1.0, 1.0, 1.0, 1.0, 1.0]
average times
11.31188189983368
average errors
481241338.43231165
average relative_error
4001.7740209078197
result at scale = 1.0
times
[25.43169355392456, 25.517910957336426, 28.224079132080078, 30.656482219696045, 31.36103582382202, 31.130499124526978, 31.29171109199524, 31.362940311431885, 31.462270975112915, 31.26900291442871, 31.029667615890503, 31.564040422439575, 31.387248516082764, 31.01422905921936, 31.115495920181274, 30.997177124023438, 31.17824673652649, 31.23620319366455, 31.255135774612427, 31.169506549835205]
errors
[239917.0, 239917.0, 239917.0, 239917.0, 239917.0, 239917.0, 239917.0, 239917.0, 239917.0, 239917.0, 239917.0, 239917.0, 239917.0, 239917.0, 239917.0, 239917.0, 239917.0, 239917.0, 239917.0, 239917.0]
relative_error
[1.0, 1.0, 1.0, 1.0, 1.0, 1.0, 1.0, 1.0, 1.0, 1.0, 1.0, 1.0, 1.0, 1.0, 1.0, 1.0, 1.0, 1.0, 1.0, 1.0]
average times
30.48272885084152
average errors
239917.0
average relative_error
1.0
result at scale = 2.0
times
[68.31489157676697, 68.12914180755615, 68.29199147224426, 68.34602332115173, 68.13946008682251, 68.47018337249756, 68.11072516441345, 68.16992235183716, 68.32087922096252, 68.28279042243958, 68.39480638504028, 68.38157987594604, 68.60898089408875, 66.49944734573364, 65.92246961593628, 65.99166536331177, 66.42492747306824, 66.19693565368652, 65.88585305213928, 66.40795063972473]
errors
[479224.0, 479224.0, 479224.0, 479224.0, 847758866.0829029, 479224.0, 479224.0, 479224.0, 479224.0, 479224.0, 479224.0, 479224.0, 479224.0, 479224.0, 479224.0, 479224.0, 479224.0, 479224.0, 479224.0, 479224.0]
relative_error
[1.0, 1.0, 1.0, 1.0, 1769.0242268394381, 1.0, 1.0, 1.0, 1.0, 1.0, 1.0, 1.0, 1.0, 1.0, 1.0, 1.0, 1.0, 1.0, 1.0, 1.0]
average times
67.56453125476837
average errors
42843206.10414515
average relative_error
89.4012113419719
result at scale = 4.0
times
[144.81656885147095, 143.97153067588806, 144.55832743644714, 145.7381627559662, 155.19807076454163, 156.3208658695221, 158.5954236984253, 154.57765197753906, 154.49250674247742, 152.6499946117401, 152.54657530784607, 152.64760613441467, 151.6549723148346, 152.2679958343506, 151.90515542030334, 152.37936878204346, 152.76742911338806, 151.1824357509613, 149.60870742797852, 147.31299757957458]
errors
[960320.0, 960320.0, 960320.0, 960320.0, 960320.0, 960320.0, 960320.0, 960320.0, 960320.0, 960320.0, 960320.0, 960320.0, 960320.0, 960320.0, 960320.0, 960320.0, 960320.0, 960320.0, 960320.0, 960320.0]
relative_error
[1.0, 1.0, 1.0, 1.0, 1.0, 1.0, 1.0, 1.0, 1.0, 1.0, 1.0, 1.0, 1.0, 1.0, 1.0, 1.0, 1.0, 1.0, 1.0, 1.0]
average times
151.25961735248566
average errors
960320.0
average relative_error
1.0
