result at scale = 0.125
times
[2.7312517166137695, 2.4158918857574463, 2.5381059646606445, 2.5102694034576416, 2.3766613006591797, 2.5848500728607178, 2.885624408721924, 2.69395112991333, 2.4747378826141357, 2.4802398681640625, 2.3892366886138916, 2.359771728515625, 2.364203929901123, 2.3809974193573, 2.3463919162750244, 2.6069302558898926, 2.6033718585968018, 2.3612875938415527, 2.512880325317383, 2.521892547607422]
errors
[76395156.24459362, 29756.0, 29756.0, 29756.0, 29756.0, 29756.0, 29756.0, 29756.0, 29756.0, 29756.0, 29756.0, 29756.0, 29756.0, 32948718.95331025, 1176603508.4467683, 29756.0, 29756.0, 29756.0, 29756.0, 29756.0]
relative_error
[2567.3866193236195, 1.0, 1.0, 1.0, 1.0, 1.0, 1.0, 1.0, 1.0, 1.0, 1.0, 1.0, 1.0, 1107.2966444854903, 39541.72296164701, 1.0, 1.0, 1.0, 1.0, 1.0]
average times
2.5069273948669433
average errors
64322661.78223361
average relative_error
2161.6703112728055
result at scale = 0.25
times
[5.933883428573608, 6.002159595489502, 5.946520805358887, 5.991325378417969, 5.846181392669678, 5.794413089752197, 5.782077312469482, 5.825900554656982, 5.780421733856201, 5.793403148651123, 5.739995956420898, 5.806318998336792, 5.7405922412872314, 5.8809428215026855, 5.754607439041138, 5.78757643699646, 5.739496946334839, 5.80526876449585, 5.804013967514038, 5.8569958209991455]
errors
[60017.0, 60017.0, 60017.0, 60017.0, 60017.0, 60017.0, 60017.0, 60017.0, 60017.0, 60017.0, 60017.0, 60017.0, 29783.781304842298, 60017.0, 60017.0, 60017.0, 60017.0, 60017.0, 60017.0, 60017.0]
relative_error
[1.0, 1.0, 1.0, 1.0, 1.0, 1.0, 1.0, 1.0, 1.0, 1.0, 1.0, 1.0, 0.4962557492850742, 1.0, 1.0, 1.0, 1.0, 1.0, 1.0, 1.0]
average times
5.830604791641235
average errors
58505.339065242115
average relative_error
0.9748127874642538
result at scale = 0.5
times
[13.617336988449097, 13.317318439483643, 13.448913097381592, 13.469656229019165, 13.526200294494629, 13.447853326797485, 13.9832923412323, 14.18416142463684, 14.453975915908813, 14.598533868789673, 14.476797819137573, 14.395832538604736, 14.414837837219238, 14.449236392974854, 14.529139280319214, 14.466794729232788, 14.633857011795044, 14.521093845367432, 14.583040475845337, 14.511677503585815]
errors
[120257.0, 120257.0, 120257.0, 120257.0, 120257.0, 120257.0, 120257.0, 120257.0, 120257.0, 120257.0, 120257.0, 120257.0, 120257.0, 120257.0, 120257.0, 120257.0, 120257.0, 120257.0, 24574884920.54216, 120257.0]
relative_error
[1.0, 1.0, 1.0, 1.0, 1.0, 1.0, 1.0, 1.0, 1.0, 1.0, 1.0, 1.0, 1.0, 1.0, 1.0, 1.0, 1.0, 1.0, 204353.05155244318, 1.0]
average times
14.151477468013763
average errors
1228858490.177108
average relative_error
10218.60257762216
result at scale = 1.0
times
[33.46509528160095, 33.74692511558533, 34.2572283744812, 35.469754457473755, 35.61155891418457, 35.67897033691406, 35.65002918243408, 35.921778440475464, 35.88695025444031, 36.02536582946777, 35.936591148376465, 36.05445194244385, 35.9814076423645, 36.17254114151001, 36.137391090393066, 36.177640199661255, 36.021310806274414, 36.298245429992676, 36.26281261444092, 36.326934814453125]
errors
[239917.0, 239917.0, 239917.0, 239917.0, 239917.0, 239917.0, 239917.0, 239917.0, 239917.0, 239917.0, 239917.0, 239917.0, 239917.0, 239917.0, 239917.0, 239917.0, 239917.0, 239917.0, 239917.0, 239917.0]
relative_error
[1.0, 1.0, 1.0, 1.0, 1.0, 1.0, 1.0, 1.0, 1.0, 1.0, 1.0, 1.0, 1.0, 1.0, 1.0, 1.0, 1.0, 1.0, 1.0, 1.0]
average times
35.65414915084839
average errors
239917.0
average relative_error
1.0
result at scale = 2.0
times
[78.15816187858582, 78.17459678649902, 78.37846040725708, 78.30610060691833, 78.281818151474, 78.12850666046143, 78.2914183139801, 78.52229118347168, 78.28255248069763, 78.13972091674805, 78.30979084968567, 78.36443972587585, 78.1294412612915, 78.33769822120667, 78.3855493068695, 78.40492153167725, 78.23786520957947, 78.54653024673462, 78.32764768600464, 78.31712412834167]
errors
[479224.0, 479224.0, 479224.0, 479224.0, 479224.0, 479224.0, 479224.0, 479224.0, 479224.0, 479224.0, 479224.0, 479224.0, 479224.0, 479224.0, 479224.0, 479224.0, 479224.0, 479224.0, 479224.0, 479224.0]
relative_error
[1.0, 1.0, 1.0, 1.0, 1.0, 1.0, 1.0, 1.0, 1.0, 1.0, 1.0, 1.0, 1.0, 1.0, 1.0, 1.0, 1.0, 1.0, 1.0, 1.0]
average times
78.301231777668
average errors
479224.0
average relative_error
1.0
result at scale = 4.0
times
[170.13368201255798, 166.17421436309814, 162.80573654174805, 163.5677330493927, 163.0725555419922, 163.53748106956482, 163.4469645023346, 163.8784945011139, 162.73776745796204, 162.6598036289215, 162.53163480758667, 163.39347648620605, 159.49132132530212, 158.21044540405273, 157.20321607589722, 157.85172200202942, 159.02366971969604, 156.82543992996216, 156.47601461410522, 155.9529252052307]
errors
[960320.0, 960320.0, 960320.0, 960320.0, 960320.0, 960320.0, 960320.0, 960320.0, 960320.0, 960320.0, 960320.0, 958795.6768874903, 960320.0, 2848308430.9215317, 1297678753.5006065, 960320.0, 960320.0, 960320.0, 281549.02360766195, 960320.0]
relative_error
[1.0, 1.0, 1.0, 1.0, 1.0, 1.0, 1.0, 1.0, 1.0, 1.0, 1.0, 0.9984126925269601, 1.0, 2965.9992824491123, 1351.2982688068628, 1.0, 1.0, 1.0, 0.29318250542284024, 1.0]
average times
161.4487149119377
average errors
208129632.45613167
average relative_error
216.72945732269622
