result at scale = 0.125
times
[104.14308834075928, 105.7464370727539, 105.40011429786682, 104.87003326416016, 105.37818670272827, 105.49643468856812, 105.26364922523499, 105.48833322525024, 105.08033633232117, 105.32316732406616, 105.40017127990723, 105.60762000083923, 105.40286827087402, 104.98675656318665, 102.29765772819519, 102.3172378540039, 102.30039119720459, 102.09610629081726, 102.40732455253601, 102.49027705192566]
errors
[25717787.902637385, 25717787.902637385, 25717787.902637385, 25717787.902637385, 25717787.902637385, 25717787.902637385, 25717787.902637385, 25717787.902637385, 25717787.902637385, 25717787.902637385, 25717787.902637385, 25717787.902637385, 25717787.902637385, 25717787.902637385, 25717787.902637385, 25717787.902637385, 25717787.902637385, 25717787.902637385, 25717787.902637385, 25717787.902637385]
relative_error
[1.0, 1.0, 1.0, 1.0, 1.0, 1.0, 1.0, 1.0, 1.0, 1.0, 1.0, 1.0, 1.0, 1.0, 1.0, 1.0, 1.0, 1.0, 1.0, 1.0]
average times
104.37480956315994
average errors
25717787.902637377
average relative_error
1.0
result at scale = 0.25
times
[222.590904712677, 226.9307849407196, 235.34591960906982, 237.9848415851593, 228.64840459823608, 226.5786838531494, 226.2614939212799, 225.93417882919312, 225.43938660621643, 225.72733998298645, 226.65452218055725, 236.304701089859, 215.01116728782654, 203.34628772735596, 204.17590713500977, 206.66048955917358, 196.5431423187256, 196.84422087669373, 195.65309190750122, 197.45655035972595]
errors
[51811234.57039935, 581195431.4279121, 51811234.57039935, 51811234.57039935, 51811234.57039935, 51811234.57039935, 51811234.57039935, 51811234.57039935, 51694267.22471857, 51811234.57039935, 51811234.57039935, 51811234.57039935, 51811234.57039935, 51811234.57039935, 51811234.57039935, 51811234.57039935, 51811234.57039935, 51811234.57039935, 51811234.57039935, 51811234.57039935]
relative_error
[1.0, 11.217556119767874, 1.0, 1.0, 1.0, 1.0, 1.0, 1.0, 0.9977424327628818, 1.0, 1.0, 1.0, 1.0, 1.0, 1.0, 1.0, 1.0, 1.0, 1.0, 1.0]
average times
218.00460095405577
average errors
78274596.04599094
average relative_error
1.5107649276265378
result at scale = 0.5
times
[450.5268909931183, 481.864785194397, 460.4711277484894, 409.4650468826294, 418.7981128692627, 401.89842104911804, 415.7118158340454, 413.5233814716339, 412.72395730018616, 416.9430193901062, 412.93839287757874, 401.94137716293335, 577.0370018482208, 557.8570468425751, 575.1295680999756, 577.4976904392242, 577.9781713485718, 578.1212720870972, 568.8846340179443, 575.9882555007935]
errors
[105381655.77913894, 105381655.77913894, 105381655.77913894, 105381655.77913894, 105381655.77913894, 105381655.77913894, 105381655.77913894, 105381655.77913894, 105381655.77913894, 105381655.77913894, 10157700881.517263, 105381655.77913894, 105381655.77913894, 105381655.77913894, 105381655.77913894, 105381655.77913894, 145978919.7500605, 105381655.77913894, 105381655.77913894, 105381655.77913894]
relative_error
[1.0, 1.0, 1.0, 1.0, 1.0, 1.0, 1.0, 1.0, 1.0, 1.0, 96.38964966356178, 1.0, 1.0, 1.0, 1.0, 1.0, 1.385240331163577, 1.0, 1.0, 1.0]
average times
484.26499844789504
average errors
610027480.2645911
average relative_error
5.788744499736268
result at scale = 1.0
times
[1257.8498833179474, 1150.0107159614563, 1122.179449558258, 1122.152501821518, 1099.8417484760284, 1113.8086206912994, 1058.994066953659, 1090.4396078586578, 1093.3093376159668, 1104.3984122276306, 1097.7451362609863, 1095.1683158874512, 1120.7326500415802, 1188.928766489029, 1034.543419599533, 1088.1661043167114, 1097.8943393230438, 1087.7111451625824, 1115.8218071460724, 1039.7521314620972]
errors
[218102223.88498166, 218102223.88498166, 218102223.88498166, 218102223.88498166, 218102223.88498166, 218102223.88498166, 218102223.88498166, 218102223.88498166, 218102223.88498166, 218102223.88498166, 218102223.88498166, 218102223.88498166, 218102223.88498166, 218102223.88498166, 218102223.88498166, 218102223.88498166, 218102223.88498166, 218102223.88498166, 218102223.88498166, 218102223.88498166]
relative_error
[1.0, 1.0, 1.0, 1.0, 1.0, 1.0, 1.0, 1.0, 1.0, 1.0, 1.0, 1.0, 1.0, 1.0, 1.0, 1.0, 1.0, 1.0, 1.0, 1.0]
average times
1108.9724080085755
average errors
218102223.8849817
average relative_error
1.0
result at scale = 2.0
times
[2372.971495628357, 2445.713102579117, 2298.4031229019165, 2373.566382408142, 2470.511693239212, 2415.3702738285065, 2529.6260166168213, 2454.1129925251007, 2411.509753227234, 2241.8020327091217, 2242.857459306717, 2223.27742767334, 2224.693201303482, 2243.90846991539, 2226.258774280548, 2226.9421207904816, 2228.222548723221, 2214.3992397785187, 2149.010629415512, 2351.119621515274]
errors
[435931523.56375617, 435931523.56375617, 435931523.56375617, 435931523.56375617, 435931523.56375617, 435931523.56375617, 435931523.56375617, 435931523.56375617, 435931523.56375617, 435931523.56375617, 435931523.56375617, 435931523.56375617, 435931523.56375617, 435931523.56375617, 435931523.56375617, 435931523.56375617, 435931523.56375617, 435931523.56375617, 435931523.56375617, 435931523.56375617]
relative_error
[1.0, 1.0, 1.0, 1.0, 1.0, 1.0, 1.0, 1.0, 1.0, 1.0, 1.0, 1.0, 1.0, 1.0, 1.0, 1.0, 1.0, 1.0, 1.0, 1.0]
average times
2317.2138179183007
average errors
435931523.5637561
average relative_error
1.0
result at scale = 4.0
times
[5142.886002063751, 4951.449869155884, 5098.413398265839, 5864.294637680054, 6210.279697179794, 6219.520388126373, 6275.243026018143, 5424.452726125717, 4878.758199930191, 4828.54628443718, 4833.665914297104, 4803.261790037155, 4828.378353834152, 4805.350847244263, 5310.534957170486, 4858.589579820633, 4558.847489833832, 4345.688977718353, 4370.518985748291, 4384.279690504074]
errors
[871968718.7784976, 871968718.7784976, 871968718.7784976, 871968718.7784976, 863640020.8506641, 871968718.7784976, 871968718.7784976, 871968718.7784976, 871968718.7784976, 871968718.7784976, 871968718.7784976, 871968718.7784976, 871968718.7784976, 871968718.7784976, 742189914.5588113, 871968718.7784976, 871968718.7784976, 871968718.7784976, 871968718.7784976, 871968718.7784976]
relative_error
[1.0, 1.0, 1.0, 1.0, 0.9904483982642167, 1.0, 1.0, 1.0, 1.0, 1.0, 1.0, 1.0, 1.0, 1.0, 0.8511657569534288, 1.0, 1.0, 1.0, 1.0, 1.0]
average times
5099.648040759564
average errors
865063343.6711216
average relative_error
0.9920807077608822
