result at scale = 0.125
times
[101.21196842193604, 101.94775819778442, 113.86869502067566, 126.01855540275574, 118.77471876144409, 113.98216032981873, 114.15986442565918, 114.19471406936646, 114.18128967285156, 114.46158790588379, 114.30525755882263, 114.22155928611755, 114.42507982254028, 114.29319882392883, 114.58903408050537, 114.14151740074158, 114.73011112213135, 114.33448600769043, 114.76854157447815, 114.4190125465393]
errors
[25717787.902637385, 25717787.902637385, 25717787.902637385, 46982734258.12584, 25717787.902637385, 25717787.902637385, 25717787.902637385, 25717787.902637385, 25717787.902637385, 25717787.902637385, 25717787.902637385, 25717787.902637385, 25717787.902637385, 25717787.902637385, 25717787.902637385, 25717787.902637385, 25717787.902637385, 25717787.902637385, 25717787.902637385, 25717787.902637385]
relative_error
[1.0, 1.0, 1.0, 1826.8575211831385, 1.0, 1.0, 1.0, 1.0, 1.0, 1.0, 1.0, 1.0, 1.0, 1.0, 1.0, 1.0, 1.0, 1.0, 1.0, 1.0]
average times
113.85145552158356
average errors
2373568611.4137945
average relative_error
92.29287605915692
result at scale = 0.25
times
[251.9934847354889, 249.79277849197388, 254.5149281024933, 251.12412524223328, 253.47941994667053, 246.84630155563354, 246.9362506866455, 242.82795691490173, 242.46665263175964, 239.81479716300964, 241.58648872375488, 243.55133485794067, 234.1616668701172, 230.17847061157227, 233.7268214225769, 232.10363388061523, 258.1227476596832, 254.65400004386902, 250.52731251716614, 246.01279377937317]
errors
[51811234.57039935, 51811234.57039935, 51811234.57039935, 51811234.57039935, 51811234.57039935, 51811234.57039935, 51811234.57039935, 51811234.57039935, 51811234.57039935, 51811234.57039935, 51811234.57039935, 51811234.57039935, 51811234.57039935, 51811234.57039935, 4089836899.001199, 51811234.57039935, 50538990.81609925, 51811234.57039935, 51811234.57039935, 51811234.57039935]
relative_error
[1.0, 1.0, 1.0, 1.0, 1.0, 1.0, 1.0, 1.0, 1.0, 1.0, 1.0, 1.0, 1.0, 1.0, 78.93726009257831, 1.0, 0.9754446354183778, 1.0, 1.0, 1.0]
average times
245.22109829187394
average errors
253648905.6042243
average relative_error
4.895635236399835
result at scale = 0.5
times
[597.3486838340759, 508.36782789230347, 505.2346987724304, 498.6093633174896, 619.6628656387329, 640.6591606140137, 647.7226603031158, 639.9152035713196, 625.973130941391, 572.3235535621643, 490.573766708374, 495.3329999446869, 490.7156710624695, 496.54676842689514, 495.95264506340027, 507.74124455451965, 507.51752758026123, 489.96095085144043, 508.95626878738403, 513.0376262664795]
errors
[105381655.77913894, 105381655.77913894, 105381655.77913894, 105381655.77913894, 105381655.77913894, 105381655.77913894, 105381655.77913894, 105381655.77913894, 105381655.77913894, 105381655.77913894, 105381655.77913894, 105381655.77913894, 105381655.77913894, 105381655.77913894, 105381655.77913894, 105381655.77913894, 105381655.77913894, 105381655.77913894, 105381655.77913894, 105381655.77913894]
relative_error
[1.0, 1.0, 1.0, 1.0, 1.0, 1.0, 1.0, 1.0, 1.0, 1.0, 1.0, 1.0, 1.0, 1.0, 1.0, 1.0, 1.0, 1.0, 1.0, 1.0]
average times
542.6076308846474
average errors
105381655.77913898
average relative_error
1.0
result at scale = 1.0
times
[1101.0859696865082, 1108.8642814159393, 1425.383388519287, 1448.264307975769, 1419.3425929546356, 1416.0699694156647, 1330.9170486927032, 1121.026724100113, 1134.0685200691223, 1130.2244215011597, 1142.0443465709686, 1114.8732478618622, 1108.4286420345306, 1117.6679170131683, 1122.9079644680023, 1247.8850405216217, 1429.520269393921, 1405.351711988449, 1421.5711357593536, 1418.2823436260223]
errors
[218102223.88498166, 218102223.88498166, 218102223.88498166, 218102223.88498166, 218102223.88498166, 218102223.88498166, 929348623.3718886, 218102223.88498166, 218102223.88498166, 218102223.88498166, 218102223.88498166, 218102223.88498166, 218102223.88498166, 218102223.88498166, 218102223.88498166, 2347524295.637235, 218102223.88498166, 218102223.88498166, 218102223.88498166, 218102223.88498166]
relative_error
[1.0, 1.0, 1.0, 1.0, 1.0, 1.0, 4.261068992409677, 1.0, 1.0, 1.0, 1.0, 1.0, 1.0, 1.0, 1.0, 10.763412925469412, 1.0, 1.0, 1.0, 1.0]
average times
1258.18899217844
average errors
360135647.44693977
average relative_error
1.6512240958939544
result at scale = 2.0
times
[2985.971912622452, 2824.5490906238556, 2583.5183856487274, 2894.6415598392487, 3079.644549846649, 3043.880313873291, 3086.504989385605, 3017.467736005783, 2700.717815876007, 2411.4470279216766, 2415.3119723796844, 2852.785807609558, 3034.8530888557434, 3049.475864648819, 2994.7069792747498, 3027.431632041931, 3028.9271671772003, 3041.6210894584656, 2807.517976284027, 2589.3373930454254]
errors
[435931523.56375617, 435931523.56375617, 435931523.56375617, 435931523.56375617, 435931523.56375617, 435931523.56375617, 435931523.56375617, 435931523.56375617, 1423777111.0107315, 435931523.56375617, 435931523.56375617, 435931523.56375617, 435931523.56375617, 435931523.56375617, 435931523.56375617, 435931523.56375617, 435931523.56375617, 435931523.56375617, 435931523.56375617, 435931523.56375617]
relative_error
[1.0, 1.0, 1.0, 1.0, 1.0, 1.0, 1.0, 1.0, 3.2660567865597363, 1.0, 1.0, 1.0, 1.0, 1.0, 1.0, 1.0, 1.0, 1.0, 1.0, 1.0]
average times
2873.515617620945
average errors
485323802.93610495
average relative_error
1.113302839327987
result at scale = 4.0
times
[6843.275353431702, 6770.164304971695, 6812.894171714783, 6799.777722597122, 5840.17169713974, 4717.809773206711, 4729.945245504379, 4713.974287748337, 4835.8657829761505, 4956.875343322754, 6266.307378530502, 6337.096120119095, 6439.75447511673, 6371.83299946785, 6349.9969046115875, 6418.951465368271, 6396.751392126083, 6396.465384244919, 6371.5648555755615, 6373.200339078903]
errors
[871968718.7784976, 871968718.7784976, 871968718.7784976, 871968718.7784976, 871968718.7784976, 871968718.7784976, 871968718.7784976, 871968718.7784976, 871892847.3913039, 871968718.7784976, 871968718.7784976, 871968718.7784976, 871968718.7784976, 871968718.7784976, 162837692607.55463, 871968718.7784976, 871968718.7784976, 871968718.7784976, 871968718.7784976, 871968718.7784976]
relative_error
[1.0, 1.0, 1.0, 1.0, 1.0, 1.0, 1.0, 1.0, 0.9999129884070842, 1.0, 1.0, 1.0, 1.0, 1.0, 186.74717234772683, 1.0, 1.0, 1.0, 1.0, 1.0]
average times
6037.133749842644
average errors
8970251119.647945
average relative_error
10.287354266806696
