result at scale = 0.125
times
[1.9718010425567627, 1.7988364696502686, 1.7534730434417725, 1.7610926628112793, 1.7617714405059814, 1.7609353065490723, 1.7637760639190674, 1.773245096206665, 1.7803711891174316, 1.7592997550964355, 1.7630259990692139, 1.7525889873504639, 1.7584218978881836, 1.7418451309204102, 1.7327568531036377, 1.7406883239746094, 1.7325265407562256, 1.729646921157837, 1.7349567413330078, 1.7391140460968018]
errors
[20369.850406842903, 23319.912109105062, 26423.06420004211, 20537.517929395508, 21312.281191018068, 26294.007717497483, 24767.1046931295, 17444.374392324688, 21863.028899280638, 19028.816445431767, 23099.925958603028, 20286.87479947624, 22184.56943935371, 24970.495990619416, 22800.66909400254, 23846.700549714544, 25500.093640408973, 25785.507070298172, 22712.099421990577, 23951.04224872805]
relative_error
[0.6845627909276416, 0.783704533845445, 0.8879911345625121, 0.6901975376191527, 0.7162347489924071, 0.8836539762568048, 0.8323398539161682, 0.5862472910446528, 0.7347435441349858, 0.6394951083960131, 0.7763115324170933, 0.681774257275045, 0.745549450173199, 0.8391751576360874, 0.7662545064525655, 0.8014081378449571, 0.8569731697946288, 0.8665649640508862, 0.7632779749291093, 0.8049147146366463]
average times
1.7655086755752563
average errors
22824.896809863145
average relative_error
0.7670687192453
result at scale = 0.25
times
[4.071299076080322, 4.061245441436768, 4.028398036956787, 4.039485931396484, 4.0399510860443115, 4.045135736465454, 4.0329039096832275, 4.048250436782837, 4.032516956329346, 4.121090412139893, 4.0873284339904785, 4.061785697937012, 3.9583537578582764, 4.1908416748046875, 4.444317817687988, 4.445794343948364, 4.442138910293579, 4.497080326080322, 5.233757495880127, 6.529278039932251]
errors
[26543412342.243668, 40144.78179316757, 30582.515484714095, 35558.78441401412, 36629.99165277208, 35784.77885926353, 35481.07406267701, 33837.28431998951, 33790.65090743852, 33118.00569634778, 28503.758902577756, 34051.738214201665, 37073.810257937446, 33810.522634287416, 37740.518811671325, 26802.93225242827, 35517.09146204946, 34179.56533895595, 37993.62643884994, 31820.20733992049]
relative_error
[442264.89731648815, 0.6688901776691198, 0.509564214884351, 0.5924785379811406, 0.6103269349146422, 0.596244045174926, 0.5911837323204594, 0.5637949967507457, 0.5630179933591902, 0.5518104153214551, 0.47492808541876064, 0.5673682159088536, 0.617721816450963, 0.5633490949945418, 0.6288304782256915, 0.4465890039893408, 0.5917838522760128, 0.5694980645309821, 0.6330477437867594, 0.5301865694706581]
average times
4.320547676086425
average errors
1327203238.1941247
average relative_error
22113.78839652308
result at scale = 0.5
times
[12.599273204803467, 11.751519203186035, 11.720279216766357, 11.63993763923645, 11.685409307479858, 11.625523090362549, 11.735160827636719, 11.632431030273438, 11.627418279647827, 11.720410346984863, 11.776062488555908, 11.80582308769226, 11.7650785446167, 11.696929454803467, 11.882063627243042, 11.785478115081787, 11.876540184020996, 12.27903413772583, 12.769123792648315, 12.652960777282715]
errors
[47315.82597775682, 38902.02892814996, 54078.61025501802, 38892.84887020463, 49022.407915602176, 53446.00262902853, 46941.81550324043, 50462.806079587244, 42604.62802040753, 23621.53730761417, 48140.10899664009, 36907805.21326108, 49070.37014062359, 55687.57769685715, 50275.80239465964, 28238.180364685686, 51715.01559451751, 49495.56635868945, 51445.94319360875, 48688.27934479843]
relative_error
[0.3934558984321646, 0.3234907650128471, 0.44969199510230606, 0.3234144280183659, 0.40764702192472935, 0.44443153104624705, 0.39034580526073687, 0.41962468779020967, 0.35427981756078675, 0.19642546635633826, 0.4003102438663869, 306.9077493473235, 0.40804585297008567, 0.46307140288596216, 0.41806965411293845, 0.23481527366128946, 0.430037466380481, 0.4115815824333673, 0.42779998830511945, 0.404868567690849]
average times
11.901322817802429
average errors
1889292.528441639
average relative_error
15.71045783980674
result at scale = 1.0
times
[30.559635162353516, 30.10887622833252, 30.147096157073975, 30.17797303199768, 30.48747754096985, 30.16938591003418, 30.413504123687744, 30.300423860549927, 31.204015970230103, 32.104347705841064, 31.97503161430359, 32.164610624313354, 32.05576205253601, 32.18188190460205, 32.2739315032959, 32.246408462524414, 32.40586304664612, 32.292306900024414, 32.36598515510559, 32.339369773864746]
errors
[73003.12176658862, 8213620440.620914, 78563.6840287321, 64462.27860843256, 70168.06805907929, 76733.53325318443, 76511.7399312093, 68488.67600976492, 66406.11742250554, 75630.95795108072, 72366.34736029536, 59895.48156070532, 79663.13870202997, 67188.65908533879, 73980.6670421433, 63081.44297401971, 49686.31646926247, 69279.27911598972, 74203.23932892084, 72061.57429233685]
relative_error
[0.3042849058907398, 34235.25819604661, 0.3274619307040856, 0.2686857480229936, 0.2924680954625112, 0.31983366436386096, 0.318909205813716, 0.2854682077958833, 0.27678787840172037, 0.31523801127506895, 0.3016307613061824, 0.24965084408651875, 0.33204457667455817, 0.2800495966744282, 0.30835942030845376, 0.26293027577878897, 0.20709793999284115, 0.2887635270363906, 0.3092871256681304, 0.30036043420156494]
average times
31.398694336414337
average errors
410747590.7471938
average relative_error
1712.0403754098031
result at scale = 2.0
times
[69.81341314315796, 69.64212965965271, 69.79689979553223, 69.6334581375122, 69.73974323272705, 69.64860963821411, 69.61733746528625, 69.77157831192017, 69.7939829826355, 69.48212695121765, 69.7044141292572, 69.7212610244751, 69.71783804893494, 69.60517430305481, 69.88489723205566, 69.7349145412445, 69.83208084106445, 69.61842083930969, 69.72320675849915, 69.63077926635742]
errors
[94290.66548360919, 103479.15585891495, 87808.43408601813, 85409.41873147269, 118529.41586336517, 92002.81747305486, 99314.73335624719, 88788.0557830219, 98746.44674672425, 90191.44572693709, 108855.63849883381, 112012.00056457432, 111459.07450133073, 95995.90445555211, 105698.13702683098, 105423.29379487986, 97848.10552427574, 80810.60493196646, 104731.4306003201, 79778.80701868772]
relative_error
[0.19675697687012586, 0.21593066261062666, 0.1832304602566193, 0.1782244185004772, 0.2473361431467647, 0.19198290877137802, 0.2072407336782949, 0.18527464355504294, 0.20605488612157205, 0.18820310695402795, 0.22714980572515944, 0.23373620804587067, 0.232582413446177, 0.20031531070136743, 0.220561025797604, 0.21998750854481383, 0.20418031134558315, 0.16862804227661066, 0.2185437928824936, 0.16647498251065831]
average times
69.70561331510544
average errors
98058.67930133085
average relative_error
0.2046197170870634
result at scale = 4.0
times
[155.5746762752533, 155.73266625404358, 154.86386632919312, 157.51513576507568, 152.9479534626007, 152.59357953071594, 152.59534192085266, 152.68357348442078, 152.82716751098633, 152.9339635372162, 152.6880042552948, 152.65328788757324, 151.36917209625244, 153.0440595149994, 151.97092247009277, 154.4443666934967, 150.33833694458008, 149.2308213710785, 148.1019675731659, 148.6771686077118]
errors
[152027.0071728396, 152135.20293609903, 131261.9488708222, 145888.8274772471, 138582.78984041652, 139980.47989115817, 158690.8214958025, 124634.25659928052, 158688.7479553232, 162971.67461672775, 157675.7818876882, 158984.55387385294, 150456.39250121044, 151402.48048093717, 147191.665788027, 149629.82022575545, 154871.67218886595, 156265.65032103483, 151922.82379424956, 163013.9676984204]
relative_error
[0.15830869623962804, 0.1584213626042351, 0.1366856348621524, 0.15191688965891276, 0.1443089697605137, 0.1457644117493733, 0.1652478564393145, 0.12978408926116347, 0.16524569722105464, 0.16970559252824866, 0.16419087584106154, 0.1655537257100268, 0.15667318446060735, 0.15765836437951639, 0.15327356067563624, 0.15581245858230117, 0.16127090156288107, 0.16272247825832517, 0.15820020804966006, 0.1697496331414741]
average times
152.6393015742302
average errors
150313.82828078791
average relative_error
0.15652472954930433
