result at scale = 0.125
times
[128.28702449798584, 126.2808187007904, 130.9599142074585, 131.8373727798462, 131.99484038352966, 131.88571286201477, 132.47773432731628, 132.05614566802979, 132.91809678077698, 132.91323566436768, 132.22406244277954, 132.3605170249939, 132.53484964370728, 132.47007513046265, 132.84653282165527, 132.83414030075073, 131.92242550849915, 132.11051964759827, 131.5221004486084, 131.13192415237427]
errors
[41315.92092738242, 38462.56447693077, 36743.66037984926, 35256.69215175975, 41394.02252447128, 34272.557205750374, 31080.912062291405, 37506.15159439959, 35825.524867753265, 33880.53720420739, 532354.0108920969, 40246.0858733136, 31888.09588339948, 23340.731567018316, 44538.61601754639, 37902.74138572253, 9633075733.213959, 41977.64299459581, 36926.84642027831, 39269.0497392636]
relative_error
[0.04878402310430495, 0.04541490524660771, 0.04338529885507903, 0.04162955214131259, 0.048876242036652175, 0.04046752886151547, 0.03669897458693187, 0.044285614960650824, 0.04230120480538574, 0.04000464887764107, 0.6285802127629064, 0.04752080890445157, 0.03765206175755475, 0.027559709731222515, 0.05258923979094288, 0.04475389075140071, 11374.312337382096, 0.04956535543070533, 0.04360159687840965, 0.04636716758973876]
average times
131.67840214967728
average errors
481713495.77890635
average relative_error
568.7861187709584
