result at scale = 0.125
times
[2.7996973991394043, 2.3227500915527344, 2.5927951335906982, 2.571695327758789, 2.1715664863586426, 2.3309500217437744, 2.1975395679473877, 2.4008543491363525, 2.3000004291534424, 2.748108386993408, 2.4942288398742676, 2.3292040824890137, 2.23966383934021, 2.2078704833984375, 2.3340563774108887, 2.236006498336792, 2.5942821502685547, 2.4599509239196777, 2.367457389831543, 2.476389169692993]
errors
[7920.08564405761, 7191.188722839306, 7445.763305530643, 5244.236103989584, 7790.283441374035, 5896.399481506298, 6042.712030283656, 8785.484431943918, 7471.981938962352, 9592.612501864609, 8055.839436340877, 7787.647018105665, 7621.317077191106, 7634.981036924779, 8526.628067186124, 10414.810471624085, 7746.924749346843, 8306.020042954027, 8068.036252864029, 7839.097177890926]
relative_error
[0.266167685309101, 0.24167188879013665, 0.25022729216059425, 0.1762412993678446, 0.26180546583458914, 0.19815833719271064, 0.20307541437974377, 0.29525085468288476, 0.2511084130582858, 0.32237573940934966, 0.2707299178767602, 0.26171686443425407, 0.25612706940419094, 0.2565862695565526, 0.28655155488594314, 0.35000707324990205, 0.26034832468567154, 0.2791376543538791, 0.2711398122349788, 0.2634459328502126]
average times
2.4087533473968508
average errors
7769.102446639023
average relative_error
0.2610936431858793
result at scale = 0.25
times
[5.262557744979858, 5.798765182495117, 6.0775978565216064, 6.1482834815979, 5.39737343788147, 5.75064754486084, 5.912952899932861, 5.034163236618042, 5.270570993423462, 5.288252592086792, 5.919783353805542, 4.909947156906128, 5.3858091831207275, 5.904034376144409, 5.056598663330078, 5.014281749725342, 5.9780895709991455, 6.290454864501953, 5.674587726593018, 6.147641658782959]
errors
[10436.582268804166, 11114.94077760086, 11606.852581610627, 10500.03267837438, 10909.199838712055, 6979.057080416838, 11974.177622663221, 11656.238768552648, 11049.239306745141, 8601.963706316456, 11861.13818550737, 10857.308935169262, 13969.636171829305, 11009.901797878927, 10866.591968596818, 9686.611361521369, 9933.62565047569, 11416.476280243012, 11059.854775760177, 9916.377569147924]
relative_error
[0.17389376791249422, 0.18519654060684237, 0.19339274841479293, 0.17495097519660063, 0.1817684962379335, 0.11628467068358696, 0.1995130983331926, 0.194215618384002, 0.1841018262616449, 0.14332545289362106, 0.19762964136007083, 0.180903892816523, 0.232761320489683, 0.18344638682171596, 0.1810585662161857, 0.1613977933172496, 0.1655135320071928, 0.19022070880322262, 0.18427870063082422, 0.16522614541126554]
average times
5.611119663715362
average errors
10770.290366296313
average relative_error
0.1794539941399322
result at scale = 0.5
times
[14.219114542007446, 15.629958152770996, 13.996795654296875, 14.01066541671753, 12.88681173324585, 13.016644954681396, 14.405587434768677, 13.264763593673706, 14.161994934082031, 13.900311470031738, 12.671823978424072, 12.981595993041992, 14.564525604248047, 13.900162935256958, 13.188653469085693, 11.46521258354187, 10.963865518569946, 12.163054466247559, 12.146296977996826, 11.949666976928711]
errors
[12615.965978722714, 16395.635006029508, 11606.153227547897, 14250.68612043417, 9647.280726826735, 10914.58399287259, 10463.87859208473, 12529.34565135873, 9138.534233034981, 18246.44911142216, 11527.581389872154, 11256.463246344909, 15936.243813284294, 4173.324855838568, 10925.24371563195, 10161.527897556749, 13051.63066947287, 18426.746476359694, 9144.564365235798, 8878.118483707498]
relative_error
[0.10490837106133293, 0.13633830052329185, 0.09651124863873119, 0.11850192604533764, 0.08022219685196484, 0.09076048789569498, 0.08701263620483406, 0.10418807762840192, 0.07599170304460431, 0.1517287901030473, 0.09585788261699654, 0.09360339311927712, 0.13251822191875978, 0.034703384051145196, 0.09084912907882244, 0.08449843167180912, 0.10853115136310461, 0.1532280572137979, 0.07604184675516433, 0.0738262095654099]
average times
13.274375319480896
average errors
11964.497877681937
average relative_error
0.09949107226757639
result at scale = 1.0
times
[27.343971967697144, 27.214579343795776, 27.343575954437256, 27.423386573791504, 27.332080364227295, 27.37820601463318, 27.196040153503418, 27.25596022605896, 27.478617429733276, 27.26115345954895, 27.332449436187744, 27.365442514419556, 27.177053928375244, 27.31598138809204, 27.30095887184143, 27.39106512069702, 27.31221342086792, 27.239810466766357, 27.455938577651978, 27.254831075668335]
errors
[14131.713772243616, 11316.226911566657, 12363.24094549552, 15446.885598826106, 15835.822366984445, 13647.902286299854, 9615.982705178962, 9757.291966080811, 12477.848687113554, 13043.349113481469, 11983.976978358638, 15255.111322552315, 13610.07871722363, 12043.930721606244, 18934.232093750295, 13772.212705196493, 14637.35928927164, 12216.967257307726, 11214.555441740813, 13977.972993511969]
relative_error
[0.05890251116946117, 0.04716725747473775, 0.051531325189526044, 0.06438428956191561, 0.06600542007020947, 0.05688593257793259, 0.040080455762530214, 0.04066944804278484, 0.052009022649972925, 0.05436608957881879, 0.04995051196188114, 0.0635849536404353, 0.05672827985188057, 0.05020040564697893, 0.07891992686533382, 0.05740407184649897, 0.061010096363624255, 0.05092164063950335, 0.04674347979401548, 0.05826170297857996]
average times
27.31866581439972
average errors
13264.13309368954
average relative_error
0.05528634108333106
result at scale = 2.0
times
[61.581186294555664, 61.895139932632446, 62.11857748031616, 61.996432065963745, 61.65540599822998, 62.02443337440491, 61.7636137008667, 61.66068387031555, 62.304824113845825, 61.95388317108154, 61.860721588134766, 62.14315629005432, 61.72492432594299, 61.79241394996643, 62.23941969871521, 61.910701274871826, 62.05003547668457, 61.947176456451416, 61.958184003829956, 61.54122710227966]
errors
[14923.420902210113, 14780.195904368942, 16876.928812944097, 16281.946037833928, 15781.300843234698, 18755.551472433086, 16402.30657802045, 17483.50504258112, 17533.28685535339, 18447.983939528465, 14987.502799158392, 19680.39882023254, 17510.30057349318, 16590.594996368687, 19963.065968917217, 20140.758426317596, 12586.473637341987, 16908.371337777236, 15719.778621036327, 14839.38018390775]
relative_error
[0.031140804513568005, 0.030841935930522976, 0.035217202838221995, 0.03397564821009367, 0.032930948456744026, 0.039137337596683565, 0.03422680537289545, 0.036482949607242375, 0.036586829656597736, 0.03849553432117019, 0.031274524646425036, 0.04106722288581653, 0.03653886402495113, 0.03461970810386936, 0.041657066359191565, 0.042027858425950276, 0.02626428066487068, 0.035282814169943985, 0.032802569614702785, 0.030965436171618597]
average times
61.906107008457184
average errors
16809.65258765296
average relative_error
0.03507681707855399
result at scale = 4.0
times
[132.2352421283722, 133.1545376777649, 132.2921540737152, 132.76330399513245, 137.43527173995972, 140.9754936695099, 143.99307084083557, 142.6388487815857, 139.0495526790619, 136.86966395378113, 135.19386196136475, 135.45319294929504, 136.10272908210754, 135.95845651626587, 135.24437594413757, 136.01690769195557, 135.3141782283783, 135.69153428077698, 135.1860854625702, 135.7008514404297]
errors
[17552.444242918747, 20409.23177933204, 20091.05909686617, 16831.426648806082, 21399.339238668676, 23752.22477989993, 12316.905458240886, 22995.18395877059, 23370.017786563607, 21660.70542381471, 23781.42584171798, 21056.712157332688, 25232.771324923844, 19184.717581704608, 22768.07839077944, 23361.005846490036, 17983.736141882837, 23531.70121981064, 14935.629367032438, 24601.66416109819]
relative_error
[0.018277703518534184, 0.021252532259384414, 0.020921212821628385, 0.01752689379457481, 0.022283550523438726, 0.024733656260308993, 0.012825834574142875, 0.023945334845437552, 0.02433565664212305, 0.022555716244392194, 0.024764063897157178, 0.021926766241807612, 0.026275378337349886, 0.019977421673717726, 0.023708845375270158, 0.02432627233264957, 0.018726816209058268, 0.024504020763714843, 0.015552763002991125, 0.025618194103109577]
average times
136.36346565485002
average errors
20840.799022332707
average relative_error
0.021701931671039558
