result at scale = 0.125
times
[123.35956287384033, 122.39890098571777, 122.50243973731995, 122.22479128837585, 122.30208563804626, 122.15436959266663, 122.80157351493835, 122.18750548362732, 122.0963921546936, 122.69572114944458, 122.55036544799805, 121.25463008880615, 118.575364112854, 118.6950216293335, 118.78068399429321, 118.14629936218262, 118.88488984107971, 118.52485156059265, 119.08436560630798, 117.87705206871033]
errors
[6885322.653685208, 4503648.58366311, 5195216.813511565, 6921929.450017344, 5015113.9897407815, 6534078.651622642, 6649149.72956707, 4035560.429496743, 6221094.113294046, 6918396.6885574795, 6961693.554675676, 5738738.876754992, 8496016.986512575, 6699453.323926274, 6853592.596376162, 6359213.441847451, 5332600.902416136, 4981321.60767217, 6795259.387672596, 4089495.9503648877]
relative_error
[0.26772608436432094, 0.175118038950825, 0.2020086965947328, 0.26914948813725514, 0.19500565168073716, 0.2540684555125585, 0.258542832483862, 0.15691708963362638, 0.2418984920804976, 0.26901212167816313, 0.27069565940240714, 0.22314278733772738, 0.33035566739553446, 0.2604988169779267, 0.26649230572717025, 0.24726906784993383, 0.2073506836048396, 0.1936916824468146, 0.2642241009762638, 0.1590142964802002]
average times
120.85484330654144
average errors
6059344.886568745
average relative_error
0.23560910096576984
result at scale = 0.25
times
[267.33649230003357, 273.5517067909241, 270.5157573223114, 266.43983125686646, 263.0214488506317, 263.21522665023804, 263.26818346977234, 265.43534898757935, 275.1660506725311, 244.68335437774658, 240.3657398223877, 238.25919318199158, 241.3095841407776, 241.69315814971924, 240.75647902488708, 239.26359724998474, 239.35927438735962, 242.35610580444336, 241.41998982429504, 243.22279024124146]
errors
[5077302.262031488, 5112623.891692385, 8872461.428475648, 7945517.447185233, 6977442.9968431, 8649308.169284433, 8384354.923487395, 9221623.017521277, 7372260.535759419, 7110693.992933944, 7863089.757278562, 8925107.430151604, 6368039.661871634, 6466812.427672736, 7493954.234159522, 6994015.02178058, 9903702.72205893, 5638187.8098986, 6676805.485279128, 7141405.536874928]
relative_error
[0.09799616442516192, 0.09867790131010147, 0.1712458987330257, 0.1533551074987247, 0.13467046393890472, 0.16693885488353005, 0.1618250364618318, 0.17798500834777925, 0.1422907714299346, 0.13724231919762833, 0.15176418439893496, 0.17226201043375006, 0.12290847177592261, 0.12481486846035006, 0.14463956121286767, 0.13499031782918336, 0.19114971500248876, 0.10882172286857247, 0.1288679094532463, 0.13783507758672353]
average times
253.0319656252861
average errors
7409735.437612029
average relative_error
0.1430140682624331
result at scale = 0.5
times
[526.9023699760437, 503.17786979675293, 506.74535870552063, 505.19006061553955, 506.12627029418945, 505.18935775756836, 504.37990283966064, 505.95506715774536, 704.215479850769, 678.9353549480438, 682.8798289299011, 692.9449920654297, 702.6011588573456, 691.406900882721, 699.3945343494415, 684.2591302394867, 647.1989080905914, 587.9681124687195, 603.5737631320953, 583.9381799697876]
errors
[9404878.30273214, 9089062.118943647, 10202814.701919138, 8655637.881078184, 9023870.087537467, 9240928.028810889, 8113874.45630151, 11397454.463185936, 10236487.889074251, 9325767.528630793, 11303598.826891616, 8616960.732026652, 9600375.912276044, 11511465.221377283, 8797009.64215216, 10171718.505390748, 11429211.274041846, 8706648.978810504, 8736341.973613307, 8890153.612388968]
relative_error
[0.0892458771234633, 0.08624899705497788, 0.09681774903311834, 0.0821360968100449, 0.08563036916453355, 0.08769010090502105, 0.07699513161291313, 0.10815406513514039, 0.09713728460034918, 0.088495169863111, 0.10726343919459695, 0.08176907705916348, 0.09110101602879264, 0.10923594942845889, 0.08347761834933697, 0.09652266734837463, 0.1084554155990434, 0.08262015731711485, 0.0829019235750396, 0.08436149106464162]
average times
601.1491300463676
average errors
9622713.006859154
average relative_error
0.09131297981336177
result at scale = 1.0
times
[1302.2137804031372, 1267.3121631145477, 1393.7960937023163, 1369.9867968559265, 1269.867774963379, 1313.1322882175446, 1283.011842250824, 1287.8099100589752, 1336.2559325695038, 1315.3376393318176, 1312.9997608661652, 1260.590440273285, 1375.9645681381226, 1327.7046275138855, 1335.8332257270813, 1347.390662431717, 1364.452330827713, 1341.963450908661, 1332.013432264328, 1356.0265440940857]
errors
[3816092.1618980467, 12163247.651059777, 8432486.500475109, 13347755.306314617, 15823453.22153166, 9573520.516180456, 17046803.997591853, 12452661.104937434, 14138683.526093572, 13368188.907973826, 14462669.334771186, 12474775.402644724, 13085935.784583092, 16850590.70112416, 10441481.447360724, 13063271.64148733, 10343798.327834576, 16479863.128488302, 13252281.694281816, 11060788.708532214]
relative_error
[0.017496805369167166, 0.05576856317372621, 0.03866300100141144, 0.06119953785227649, 0.07255062758954861, 0.04389464878280721, 0.07815969820913725, 0.057095525589434, 0.0648259484669434, 0.06129322603800533, 0.06631142533603057, 0.057196919776587966, 0.059999093780373776, 0.07726005907216464, 0.04787425483963493, 0.05989517854882752, 0.047426377152804636, 0.07556027093597688, 0.06076179077050831, 0.0507137823333944]
average times
1324.6831632256508
average errors
12583917.453258224
average relative_error
0.05769733673093802
result at scale = 2.0
times
[3086.885442018509, 2931.595983028412, 2955.2508289813995, 2992.37561750412, 2799.02831697464, 2638.2613291740417, 2635.8841807842255, 2629.432600259781, 2646.5884761810303, 2627.1933495998383, 2625.5976226329803, 2625.7913942337036, 3249.212325811386, 2921.216568470001, 2890.2393128871918, 2912.1473541259766, 3123.9277029037476, 3146.6274292469025, 2853.0047442913055, 2733.9044840335846]
errors
[13924828.92463702, 14891153.280516326, 13310644.588678777, 13141681.10574305, 5782075.120210826, 12828750.910931408, 13802762.665860057, 12915177.712541878, 15484965.872869909, 17799793.75748408, 12676007.072199821, 11628870.772202969, 14895047.34152764, 11909583.306916654, 7821452.152469575, 14063184.558781743, 18070622.780830562, 7934280.290648997, 9684333.156228602, 16126880.476830304]
relative_error
[0.03194269781364062, 0.03415938622373671, 0.030533796867599227, 0.030146205069799325, 0.013263723331917249, 0.029428362523673212, 0.03166268535255713, 0.029626620270449423, 0.03552155564773051, 0.04083162789414749, 0.02907797758825285, 0.02667591156779974, 0.034168318959271596, 0.027319848790826995, 0.0179419283297728, 0.03226007709608769, 0.04145289295232095, 0.01820074911258072, 0.022215262335375116, 0.03699406811646119]
average times
2851.2082531571386
average errors
12934604.79240551
average relative_error
0.029671184792200028
result at scale = 4.0
times
[5873.003594636917, 5826.095753669739, 5834.706222295761, 5826.236386299133, 7468.941928863525, 7616.697904825211, 7599.225470781326, 7553.2816479206085, 7029.957679033279, 6924.779834032059, 5163.1789927482605, 5181.673956871033, 5184.374895095825, 5372.867576599121, 6165.579928398132, 5258.729359149933, 5344.130545139313, 5257.408189058304, 5265.713926792145, 5265.364768028259]
errors
[17353742.340883613, 13678833.186864495, 15545944.17557025, 18733605.616075635, 18439142.829978347, 20405448.40299177, 17410610.83967936, 18702149.531298876, 18740505.19136381, 20432943.462236404, 16585015.146574855, 1548342.3595911264, 17885025.238989115, 16155158.8274163, 11995558.768294096, 16917722.622336984, 18393810.53137505, 18388078.864438653, 19674075.51444292, 15833717.376077294]
relative_error
[0.01990179460244136, 0.015687298055859812, 0.017828557195661645, 0.021484263383116212, 0.02114656458755645, 0.02340158306547609, 0.019967013110366062, 0.021448188597290384, 0.02149217602394792, 0.023433115227871948, 0.01902019509347545, 0.0017756856711100037, 0.020511085838083108, 0.0185272229146561, 0.013756868233872132, 0.01940175405149427, 0.021094576141609905, 0.021088002893266285, 0.022562822599878886, 0.018158584172902496]
average times
6050.597428011894
average errors
16640971.541323949
average relative_error
0.01908436757299683
