result at scale = 0.125
times
[123.85269284248352, 123.59571647644043, 129.32636761665344, 129.55728673934937, 133.93594789505005, 134.89471983909607, 135.1727488040924, 135.2344467639923, 134.58976936340332, 135.1962866783142, 134.71972227096558, 134.88068532943726, 135.00544428825378, 134.89888954162598, 134.79945516586304, 134.7649281024933, 135.0615930557251, 135.1174201965332, 134.52749848365784, 134.16060614585876]
errors
[18439044.07934525, 11509680.20525913, 19001733.79557773, 13957810.79088518, 19914361.14918437, 17387203.969278336, 19435666.69537074, 19948252.237999182, 11368694.917955019, 19093000.95211641, 11641965.09638409, 17220683.699713998, 16501611.510646362, 16777305.41209151, 17354774.885854434, 21818138.12670306, 17266896.590294212, 19598595.048024278, 4833327.229728423, 19312169.992044017]
relative_error
[0.716976286963402, 0.4475377217057926, 0.7388556849257274, 0.5427298352302607, 0.774341915586843, 0.6760769641270453, 0.7557285552299619, 0.7756597228937201, 0.44205570716247905, 0.742404479903126, 0.4526814335843478, 0.669602057723946, 0.6416419473213754, 0.6523619168027659, 0.6748160048428848, 0.8483676049161907, 0.6713989809568137, 0.7620637949974859, 0.18793712927513337, 0.7509265596697582]
average times
133.16461127996445
average errors
16619045.819222784
average relative_error
0.646208215190953
result at scale = 0.25
times
[303.9157075881958, 357.1478900909424, 340.8437170982361, 340.0429615974426, 289.7010283470154, 282.8645737171173, 289.56117701530457, 275.4804084300995, 275.3684046268463, 304.1761679649353, 313.10279750823975, 256.6561870574951, 253.31177878379822, 253.2714593410492, 253.53565001487732, 253.6149640083313, 253.05648517608643, 245.8491714000702, 248.02024865150452, 245.73198580741882]
errors
[30379061.60667003, 30420669.36076095, 31883628.534547083, 26374918.378337264, 29071689.45939599, 30133757.801969007, 29150307.25216671, 31204463.86020757, 31113952.115448706, 19890878.024975784, 29452676.84415102, 31821562.577855185, 25920601.074290283, 31016673.95988859, 29260119.906068154, 29890841.3358849, 26499625.156097785, 28355433.05954946, 26103154.376433432, 20315440.215651117]
relative_error
[0.5863412029951147, 0.5871442673195979, 0.6153805984148996, 0.5090579021524746, 0.5611078311576297, 0.581606635159876, 0.5626252200680194, 0.6022721542720237, 0.6005252021773795, 0.3839105203708036, 0.5684612051490825, 0.6141826737329936, 0.5002891996150033, 0.5986476527160183, 0.5647446957920004, 0.5769181449492433, 0.5114648468777749, 0.5472834858050151, 0.5038126304627107, 0.3921049244261336]
average times
281.7626382112503
average errors
28412972.74501745
average relative_error
0.5483940496806897
result at scale = 0.5
times
[550.5578877925873, 550.1246843338013, 550.2335312366486, 551.7140467166901, 557.3518800735474, 560.3413872718811, 561.4398458003998, 563.1636936664581, 565.8936269283295, 558.4531819820404, 558.0523869991302, 547.1113796234131, 546.148909330368, 544.0436358451843, 546.2338800430298, 544.9475312232971, 548.0517823696136, 551.487167596817, 556.1088025569916, 557.2645602226257]
errors
[42943861.961092964, 48292886.966926895, 46587810.40262344, 46126352.37014071, 22813504.89385143, 35758436.80797273, 43245019.81528999, 45975623.690415554, 42233010.50481342, 31123683.278457835, 39942564.882281065, 42201021.114489585, 44300600.33381324, 47258440.316696204, 40975464.07923701, 45571123.277179845, 25040262.584487304, 38053343.110546544, 43363694.760090604, 34538411.20985693]
relative_error
[0.40750794475174695, 0.4582665418366564, 0.44208652880026045, 0.43770760697491107, 0.21648459331161438, 0.3393231634442716, 0.41036572727537896, 0.4362772946628607, 0.40076244952277307, 0.2953425152446598, 0.37902768358464134, 0.4004588920384337, 0.42038246605898244, 0.44845034904121667, 0.38882919210449907, 0.43243886177579854, 0.23761500423723847, 0.36110025819199054, 0.4114918715167385, 0.32774595307406484]
average times
553.4361900806427
average errors
40317255.81801317
average relative_error
0.3825832448724369
result at scale = 1.0
times
[1235.659274816513, 1233.544044494629, 1227.7048602104187, 1195.5390157699585, 1213.2662153244019, 1224.946450471878, 1231.4048869609833, 1213.594696521759, 1226.6571595668793, 1216.1782093048096, 1221.0612487792969, 1226.4100534915924, 1244.1463232040405, 1244.341937303543, 1208.8628630638123, 1197.3000597953796, 1197.518042564392, 1226.2843708992004, 1230.7241377830505, 1226.4163386821747]
errors
[59535417.15839818, 54495687.47203964, 50137245.11362082, 62908236.614647806, 52282239.25244132, 63595836.516781956, 57255269.72141102, 65921627.059795946, 34614189.4691813, 61236996.16591075, 51760860.474616766, 68980383.69399986, 54062024.21825653, 63822361.37656155, 70597161.95016974, 58283094.63395882, 61548511.581329346, 56214546.746168315, 62647153.61343685, 47768625.624863744]
relative_error
[0.2729702434845174, 0.24986305275263251, 0.22987956849106309, 0.28843464084906845, 0.23971437943710683, 0.29158729050979254, 0.26251575385863624, 0.3022510540495926, 0.15870626558780726, 0.280771993403445, 0.23732385462476238, 0.31627547149806845, 0.24787470414224969, 0.2926259083457072, 0.32368840946527827, 0.26722833722546074, 0.28220029344491027, 0.2577440327972704, 0.28723757372815434, 0.21901943397906384]
average times
1222.0780094504357
average errors
57883373.4228795
average relative_error
0.2653956130837294
result at scale = 2.0
times
[2669.015196084976, 2717.98601269722, 2737.0190699100494, 2684.1423711776733, 2746.064081430435, 2739.4541766643524, 2750.418087720871, 2784.3644914627075, 2710.029350757599, 2737.9973118305206, 2745.2040300369263, 2695.6353619098663, 2758.9600002765656, 2749.0040199756622, 2719.576802968979, 2751.7155730724335, 2738.2154524326324, 2755.286590576172, 2773.4280145168304, 2700.1725492477417]
errors
[88419945.81561202, 82158705.7418747, 86945789.97370636, 68266629.67500204, 90332691.67877078, 76344608.14671546, 99390665.57517451, 54216075.253005326, 94829632.73809606, 89694159.28598464, 91862666.26987815, 84639767.57815224, 81259761.93236434, 81753751.21957517, 97945675.28742939, 85550371.4502542, 87688540.89289325, 74597417.88708436, 90022452.24350846, 97285600.05759537]
relative_error
[0.20282989652314135, 0.1884669983721853, 0.19944827403836582, 0.1565994335920464, 0.2072176174374767, 0.17512981745985126, 0.22799605030315812, 0.12436832924994028, 0.21753332257979496, 0.20575286355235703, 0.21072728468658905, 0.1941584010401887, 0.18640487677528528, 0.1875380577005197, 0.2246813317989025, 0.1962472701007644, 0.20115209878844326, 0.17112187087836123, 0.20650594732762526, 0.22316715997568157]
average times
2733.1844272375106
average errors
85160245.43513384
average relative_error
0.19535234510903393
result at scale = 4.0
times
[6113.615797042847, 6177.6770758628845, 6115.6577961444855, 6142.441817998886, 6127.164736032486, 5986.215126752853, 5987.293107032776, 5962.109104156494, 7103.972938776016, 6888.521004676819, 6017.65301156044, 6078.722363948822, 6065.98731303215, 6072.530909776688, 6080.818673849106, 6089.364351034164, 6123.66988658905, 5987.233870744705, 6143.766776561737, 6091.903920412064]
errors
[859919195725.6791, 133692830.47149241, 126531662.14460623, 125978998.12248719, 126232689.2199055, 129668623.02841485, 123451693.54149628, 125046698.75499105, 131414850.24675798, 121928319.81002975, 139194379.9364252, 56093644.237882495, 120087392.25327158, 146475413.9841591, 71702317.4907012, 91528756.04911602, 132261594.02027786, 82983450.56518996, 140628876.5277276, 109805483.65393448]
relative_error
[986.1812438986365, 0.15332296628573647, 0.14511032267517446, 0.14447651092227895, 0.1447674515167692, 0.1487078839365498, 0.14157812187853974, 0.14340732191650574, 0.15071050992614876, 0.1398310709824932, 0.1596323089794052, 0.06432988137058586, 0.1377198397913823, 0.16798241821031154, 0.08223037816212697, 0.10496793529168638, 0.1516815811988729, 0.09516792148396998, 0.16127743289315283, 0.12592823720529348]
average times
6167.815979099274
average errors
43107695169.98689
average relative_error
49.43720369966316
