result at scale = 0.125
times
[176.1999113559723, 174.09983563423157, 176.92240285873413, 174.3987865447998, 176.89338898658752, 175.72654008865356, 175.80077528953552, 176.5002100467682, 173.48758625984192, 177.05455112457275, 173.19521141052246, 177.28727340698242, 173.8107786178589, 174.26370334625244, 171.36262845993042, 172.67147874832153, 172.46817755699158, 172.02912259101868, 173.07756280899048, 171.75976991653442]
errors
[125358.25052999903, 152472.8707873096, 101880.9643793219, 382995950845.4468, 159062.4471226232, 151143.65519216238, 130482.04127753899, 137474.4305120688, 126501.75841916294, 138784.1942337784, 127406.98943606054, 149320.4783924506, 118750.4503450722, 101076.53582595522, 143777.6660783001, 127170.33265722089, 137212.23819888604, 113707.70426216349, 143657.99944408087, 136401.49062900443]
relative_error
[0.15784018147593085, 0.19198054769810202, 0.12827962929114706, 482235.1152030908, 0.2002775678002332, 0.19030691528961152, 0.16429161213978544, 0.17309581913104694, 0.15927998692935488, 0.17474495943614207, 0.16041977491603043, 0.18801132999137585, 0.14952021549095604, 0.1272667629795082, 0.18103230389733208, 0.1601217973296998, 0.17276568942582698, 0.14317082920406882, 0.18088163010297134, 0.17174486675942688]
average times
174.45048475265503
average errors
19149923624.397224
average relative_error
24111.914511775503
