result at scale = 0.125
times
[7465.448384284973, 6871.352020025253, 6640.0326359272, 6377.289752244949, 6885.559214830399, 6223.454123020172, 6298.920544624329, 6661.60049533844, 6554.935855150223, 6088.440189838409, 7413.559297084808, 6550.291335582733, 6440.576178789139, 6021.879428863525, 6602.417933225632, 6513.736010551453, 6686.778992891312, 6525.848322629929, 6392.16303229332, 6466.7150893211365]
errors
[369509.20401475875, 365407.4363422872, 388531.96907081647, 378067.24644080235, 380943.5973997, 373355.88456712355, 377233.7912718362, 370403.4995715617, 378061.4182222253, 385952.71061911364, 348279.01495643146, 382184.00653512025, 311381.14178926195, 378077.6354911146, 379052.3259118985, 375699.7586160205, 373940.9242760121, 377616.3360199103, 371796.91628527566, 380812.98580796]
relative_error
[0.46525377924573946, 0.4600891909473404, 0.48920558677278864, 0.47602932025635836, 0.47965097064970225, 0.47009718407867385, 0.47497990616063285, 0.46637979825431775, 0.4760219818715771, 0.48595800936668343, 0.43852257583816806, 0.48121278570544346, 0.3920639903668576, 0.4760424012428886, 0.47726964645609915, 0.473048385963436, 0.4708338150816687, 0.475461573160638, 0.4681342671148382, 0.4794865159189131]
average times
6584.049941825867
average errors
372315.39016046154
average relative_error
0.46878708422263815
