result at scale = 0.125
times
[2.1372532844543457, 2.080240488052368, 2.0621182918548584, 2.0652377605438232, 2.063962697982788, 2.0767130851745605, 2.0634913444519043, 2.0654447078704834, 2.079306125640869, 2.0629372596740723, 2.052762269973755, 2.069918632507324, 2.054748296737671, 2.065446615219116, 2.0765411853790283, 2.0478076934814453, 2.059462785720825, 2.069373369216919, 2.072666645050049, 2.0404224395751953]
errors
[28032.97949367077, 28004.3154729723, 27605.118316198605, 28825.514453168063, 27452.352215686635, 28184.715264900224, 28147.061231762833, 27596.463637367327, 28310.32676754718, 28198.3994323296, 27182.96599906064, 27751.20012692702, 28090.52216258809, 28578.58503497049, 28568.157989103016, 27943.446785810047, 27288.36568398919, 27526.626442244502, 27156.41887644128, 28284.985396530683]
relative_error
[0.9420950226398296, 0.9411317204252017, 0.9277160342854753, 0.9687294815555876, 0.9225820747306975, 0.9471943562609297, 0.945928929686881, 0.9274251793711294, 0.9514157402724553, 0.947654235526603, 0.9135289017025353, 0.9326253571356036, 0.9440288399848129, 0.9604310066867351, 0.9600805884226044, 0.939086126690753, 0.9170710338751575, 0.9250781839711152, 0.9126367413779164, 0.9505641012411172]
average times
2.0682927489280702
average errors
27936.426039163423
average relative_error
0.9388501827921572
result at scale = 0.25
times
[4.486912727355957, 4.512472867965698, 4.519351482391357, 4.483896732330322, 4.439183473587036, 4.419702529907227, 4.398493528366089, 4.38738226890564, 4.421097993850708, 4.369060516357422, 4.396705150604248, 4.408426523208618, 4.395354747772217, 4.397582769393921, 4.448658466339111, 4.6750404834747314, 4.98124098777771, 4.919108867645264, 4.92231822013855, 4.794713258743286]
errors
[54770.46303389877, 53214.02428193563, 52924.37044706909, 54394.288327673945, 54476.324487640886, 54044.13946786908, 53974.01487606796, 54374.43531655918, 92856.91288702562, 54852.88004008633, 54806.52063752456, 54280.60537855566, 55570.71559518063, 54030.344941412084, 54392.73473288595, 54103.00586973825, 54595.61853306011, 55597.06673478104, 55230.426454233835, 53316.1998780698]
relative_error
[0.9125824855274134, 0.8866491874291555, 0.8818229909370526, 0.9063146829677249, 0.9076815650172598, 0.9004805216500171, 0.89931210950344, 0.9059838931729207, 1.5471768480101575, 0.9139557132160276, 0.9131832753640562, 0.9044205038331748, 0.9259162503154211, 0.900250677998102, 0.9062887970556001, 0.9014613504463443, 0.9096692359341538, 0.9263553115747378, 0.9202463710987526, 0.8883516316721896]
average times
4.538835179805756
average errors
56290.25459606342
average relative_error
0.9379051701361852
result at scale = 0.5
times
[11.828835010528564, 12.074875354766846, 12.57380723953247, 12.618426084518433, 12.658990621566772, 12.634478569030762, 12.464902639389038, 12.557165145874023, 12.608800649642944, 12.613007068634033, 12.582314252853394, 12.554218769073486, 12.509689807891846, 12.622983932495117, 12.59839391708374, 13.006527185440063, 13.472614288330078, 13.429068565368652, 13.99648642539978, 14.58476972579956]
errors
[104841.71375018338, 106900.44437786937, 106757.70143491615, 107022.78936449446, 84591.81396368705, 107385.61615240212, 108092.16335971869, 107138.35471801924, 106644.72838589585, 107613.64056376272, 106902.85942271756, 107184.9949650871, 105064.61884445175, 106166.71234720352, 107757.34714891014, 106731.11126644717, 103192.08242473089, 106120.46799817051, 106967.48355429394, 104889.14608190875]
relative_error
[0.8718138133346365, 0.8889332377979607, 0.8877462553939991, 0.88995060050138, 0.7034252805548704, 0.8929676954555836, 0.8988430058933674, 0.8909115870013324, 0.8868068252650229, 0.8948638379783523, 0.8889533201619662, 0.8912994251069551, 0.8736673860519699, 0.8828318713023235, 0.8960588335723504, 0.8875251442032245, 0.8580962640406038, 0.8824473252964111, 0.8894907036953685, 0.8722082380394385]
average times
12.79951776266098
average errors
105398.28950624354
average relative_error
0.8764420325323558
result at scale = 1.0
times
[31.72743511199951, 31.616372108459473, 31.89924383163452, 31.466992616653442, 32.02661204338074, 32.3757266998291, 31.814438343048096, 32.33126425743103, 33.14179849624634, 33.13606333732605, 33.443947076797485, 33.809406042099, 33.33202528953552, 33.504454135894775, 33.39385628700256, 33.547285079956055, 34.06676244735718, 33.344666957855225, 33.51652264595032, 33.70863318443298]
errors
[209922.86073415136, 209405.76989572792, 208799.92794342613, 209772.91099701633, 210484.5993833968, 208494.2138136499, 209563.74507521998, 209022.75305042596, 209555.99296549588, 209078.45984686114, 209931.43036281344, 209275.0412380819, 207161.1408690066, 210782.91955485803, 210066.59216248925, 210801.4743101991, 208837.99138469325, 210429.60964168247, 210501.27751035584, 210945.99804177403]
relative_error
[0.8749811840517819, 0.8728258935203754, 0.8703006787490095, 0.8743561773322287, 0.8773225714867925, 0.8690264291969718, 0.8734843511515231, 0.871229437890712, 0.8734520395199001, 0.8714616298422418, 0.8750169031907428, 0.87228100233865, 0.8634700370086597, 0.8785660022210099, 0.8755802721878368, 0.8786433404477344, 0.8704593312882924, 0.8770933682968797, 0.877392087723487, 0.879245730989359]
average times
32.86017529964447
average errors
209641.7354390663
average relative_error
0.8738094234217095
result at scale = 2.0
times
[70.97718286514282, 71.50005865097046, 71.49216365814209, 71.86805129051208, 71.892502784729, 71.82124543190002, 71.69475221633911, 72.46887159347534, 71.68114805221558, 71.88189125061035, 72.02661275863647, 71.81814384460449, 71.84847736358643, 71.95062780380249, 71.82053017616272, 71.92337489128113, 71.9269425868988, 71.89635014533997, 71.72184300422668, 71.9999098777771]
errors
[417731.5412393242, 418557.33801475324, 415351.29843388894, 419467.2078907524, 416722.6256912536, 416375.7278320261, 415417.17188614083, 416026.42935995455, 413604.75721671083, 417063.13113533496, 415916.1777672368, 417167.0459294885, 417958.6460710357, 416967.8791348201, 416857.92630044237, 416388.67228364496, 416430.0409065942, 417891.40662144125, 419335.31669420615, 87116591.66577226]
relative_error
[0.8716832655278621, 0.8734064613098536, 0.8667163965784037, 0.875305093006094, 0.8695779545499674, 0.8688540804133893, 0.8668538551619719, 0.8681251969015629, 0.8630718770694098, 0.8702884895901185, 0.8678951341486169, 0.8705053293021395, 0.8721571667342114, 0.8700897265888605, 0.869860287256987, 0.8688810916891578, 0.8689674158777403, 0.8720168577146412, 0.8750298747437653, 181.786787944202]
average times
71.81053401231766
average errors
4751891.100309066
average relative_error
9.915803674918337
result at scale = 4.0
times
[150.5432562828064, 149.91805982589722, 150.15542078018188, 151.62967944145203, 151.94187760353088, 151.05093598365784, 151.66621112823486, 161.40612077713013, 151.69963240623474, 152.1482994556427, 149.60948538780212, 149.32481718063354, 149.18986701965332, 149.6388602256775, 147.12436437606812, 148.33878922462463, 152.42158603668213, 152.58580327033997, 153.30607414245605, 142.84466242790222]
errors
[226556.82685135258, 829271.570583431, 832167.5069338558, 834111.9085703653, 832897.4083830897, 831702.8220038437, 832314.5191044357, 831193.3193575699, 833748.403389418, 831678.5280686116, 830204.3036974634, 834850.7047927307, 832503.0302695744, 829433.9111253789, 831265.583375927, 833415.3630142221, 833556.7183812759, 832054.4455161944, 828535.2407170872, 831606.1252829562]
relative_error
[0.23591805528506393, 0.8635367071220333, 0.8665523022886703, 0.8685770457455486, 0.8673123629447369, 0.8660684167817433, 0.8667053889374747, 0.865537861710232, 0.8681985206904137, 0.8660431190317932, 0.8645079803580716, 0.8693463687028602, 0.8669016893010396, 0.8637057555037685, 0.8656131116460419, 0.8678517192334035, 0.8679989153420483, 0.8664345692229616, 0.8627699524294893, 0.865967724594881]
average times
150.82719014883043
average errors
801653.4119709393
average relative_error
0.8347773783436138
