result at scale = 0.125
times
[93.7934877872467, 93.32368683815002, 93.58038783073425, 93.64937400817871, 93.45450901985168, 93.6029999256134, 93.70695400238037, 93.87261939048767, 93.61148524284363, 93.58403015136719, 93.61955380439758, 93.83717918395996, 93.72704434394836, 93.76266360282898, 93.53282642364502, 93.96247625350952, 94.01384615898132, 93.32171034812927, 93.62587714195251, 93.96241188049316]
errors
[9042776.191469876, 9509247.769144528, 10144539.451663977, 11139892.355916228, 10004110.031593075, 10525023.877946328, 9886209.926446885, 9813905.151496261, 10307060.595952952, 10812844.618253142, 10010487.422606071, 8789502.137705866, 9577190.138313849, 7637949.975357577, 10390741.213500326, 10022590.219137134, 9724588.298278047, 8742314.687377263, 9857698.261880917, 9901948.246091897]
relative_error
[0.35161562983970834, 0.36975372085440306, 0.3944561441314182, 0.4331590414420449, 0.3889957437034133, 0.40925074574034326, 0.3844113639895539, 0.3815998945418566, 0.40077555017459154, 0.4204422502895077, 0.38924371958054316, 0.3417674245927074, 0.3723955642908035, 0.29699093888919964, 0.4040293532568851, 0.389714319796117, 0.3781269343651746, 0.3399326069751407, 0.3833027280262312, 0.38502332640656245]
average times
93.67725616693497
average errors
9792031.028506609
average relative_error
0.38074935004431026
result at scale = 0.25
times
[199.17274022102356, 200.03067541122437, 206.95185732841492, 217.1598825454712, 215.78633165359497, 204.60355353355408, 201.1827826499939, 202.02618741989136, 202.1825873851776, 202.38536047935486, 202.36997747421265, 202.66244530677795, 199.84329915046692, 210.18404603004456, 203.10308146476746, 199.6030993461609, 194.64498162269592, 194.51749444007874, 203.2479703426361, 212.31146264076233]
errors
[18142512.488616683, 18872013.379330147, 18201241.965559952, 17849107.430812895, 18235808.932657868, 19700016.71160021, 20511058.17444908, 18807177.93775181, 18439462.613368552, 18578554.024317537, 18547904.711901467, 18230934.8990065, 17973576.209407344, 18259937.888610054, 18523438.176296886, 18625074.345863726, 17072504.930139698, 18459955.67386136, 18390812.74605937, 19110703.519263085]
relative_error
[0.3501656086570423, 0.364245583719637, 0.3512991364996084, 0.34450264655554835, 0.3519663077682441, 0.3802267379834869, 0.39588051403367636, 0.3629942056716918, 0.3558969935046353, 0.3585815736367684, 0.3579900163679598, 0.3518722348573826, 0.3469049976986257, 0.35243201672407687, 0.35751779184354054, 0.3594794546066376, 0.32951357117233243, 0.3562925266484163, 0.3549580105270519, 0.3688525023138777]
average times
203.69849082231522
average errors
18526589.83794371
average relative_error
0.35757862153951203
result at scale = 0.5
times
[456.65335607528687, 451.17863273620605, 421.1846556663513, 445.50679779052734, 524.3116474151611, 548.2647898197174, 527.7986083030701, 529.069577217102, 515.3655037879944, 530.3829572200775, 501.978399515152, 590.3856337070465, 528.4729585647583, 539.1417973041534, 537.49693775177, 543.2760214805603, 536.5708928108215, 537.4355463981628, 535.1968238353729, 540.8822739124298]
errors
[34310533.907868445, 35016544.60748629, 33922207.95474261, 35473542.99522646, 33411421.392569378, 33657098.61835161, 33633234.23949537, 32683847.55457218, 33727621.6295796, 32613278.157166123, 34085830.858385935, 34115985.707298875, 33460237.19685167, 31510667.123834506, 33659637.02626537, 34060966.89750205, 33529817.205836803, 33231809.58204712, 34110033.279167235, 34204649.07024859]
relative_error
[0.3255835529836158, 0.3322831127352439, 0.3218986046854063, 0.33661971557528614, 0.317051588775505, 0.31938289799593633, 0.31915644132584703, 0.31014740955552705, 0.32005211324698346, 0.3094777541313045, 0.32345127438331134, 0.3237374233215681, 0.3175148174458212, 0.29901472785619554, 0.31940698575480664, 0.32321533236190303, 0.31817508424909635, 0.31534719526228583, 0.32368093884058674, 0.324578778131323]
average times
517.0276905655861
average errors
33720948.25022481
average relative_error
0.3199887874308776
result at scale = 1.0
times
[1116.2509727478027, 1047.8967821598053, 1011.7115776538849, 1016.8175446987152, 1015.7427427768707, 1063.9420235157013, 1041.4987366199493, 1046.2892003059387, 1041.5630078315735, 1016.0598359107971, 1071.8100173473358, 1040.3005187511444, 987.3923552036285, 969.3041181564331, 1098.129605293274, 1018.0034744739532, 1026.9714040756226, 1014.9656915664673, 1100.8187608718872, 1121.8665661811829]
errors
[66007407.815214574, 66598827.24144983, 66269670.59779006, 67270292.2610032, 67078752.1068804, 65334340.58902839, 62867529.16929862, 66655316.540197045, 67257585.59348893, 66809103.79572186, 68197183.74938002, 68004551.59970278, 65967007.97280449, 66868692.45677635, 68193914.3661575, 66038438.586601675, 66068037.14253572, 66834132.48622608, 62531952.29272407, 64566780.41727948]
relative_error
[0.3026443593258555, 0.3053560209297608, 0.30384683575137694, 0.30843469205742186, 0.3075564793060296, 0.29955834207120735, 0.2882479969688545, 0.30561502470212487, 0.30837643191092756, 0.3063201401878153, 0.3126844950711941, 0.3118012755136584, 0.3024591258069557, 0.3065933545548816, 0.3126695049295794, 0.3027866355981207, 0.3029223451539739, 0.30643489688336106, 0.2867093749841859, 0.2960390740964173]
average times
1043.3667468070985
average errors
66270975.83901306
average relative_error
0.3038528202901851
result at scale = 2.0
times
[2307.078325510025, 2375.293874025345, 2417.6220405101776, 2338.330724000931, 2258.788507461548, 2366.5771656036377, 2344.841341495514, 2257.819530725479, 2283.7554862499237, 2083.8997089862823, 2079.134931564331, 2084.8170890808105, 2095.753786802292, 2092.9902222156525, 2098.9950828552246, 2085.6709682941437, 2093.221179962158, 2077.2288489341736, 1948.435088634491, 1879.2179713249207]
errors
[129313137.63213336, 128628578.51922685, 130909048.57452816, 131893515.85122037, 131447805.20149046, 131122425.39155251, 130963004.7528252, 131315951.52824748, 131229286.26014847, 130186403.51346987, 127358388.72744143, 130081096.48751223, 128045132.49722695, 130399500.38200152, 128918744.83759671, 130034002.4250254, 127051427.69419074, 131855909.45149648, 130231949.6980539, 130952047.93749833]
relative_error
[0.2966363537442618, 0.2950660174049436, 0.3002972749122199, 0.3025555820624901, 0.30153314935084263, 0.3007867481562744, 0.30042104705389927, 0.30123068516526347, 0.30103188039108586, 0.29863957175932415, 0.2921522804459791, 0.29839800394358845, 0.2937276282532938, 0.2991284028188208, 0.2957316410239876, 0.2982899730719005, 0.29144813078792897, 0.3024693153033981, 0.2987440518946713, 0.3003959127960294]
average times
2178.473593711853
average errors
130096867.86814432
average relative_error
0.2984341825170101
result at scale = 4.0
times
[4658.36051940918, 4512.525496482849, 4435.662361383438, 4756.337718963623, 4281.7858946323395, 4145.804335832596, 4161.257937192917, 4150.204668521881, 4168.986377954483, 4179.060962438583, 4150.600195407867, 4168.27752327919, 4157.752521753311, 4165.506976604462, 4167.748548030853, 4157.630895376205, 4165.080182790756, 4141.608335018158, 4156.744188308716, 4143.755887269974]
errors
[258219097.71139753, 256325302.6958331, 255356862.46781564, 258836656.27735698, 259355398.20787835, 256806292.98299885, 257486359.12406492, 258523307.20162058, 260263586.67917788, 257891373.5215894, 256122359.0478655, 257378689.93324864, 255691805.5759461, 258296113.18786764, 258015421.35308397, 258624809.4371165, 257863946.92200744, 259264118.7191199, 259488196.25353336, 259733826.27163804]
relative_error
[0.2961334416596105, 0.29396158047379023, 0.2928509440402103, 0.29684167643072085, 0.29743658530686495, 0.29451319462783876, 0.29529311496949817, 0.2964823182691398, 0.2984781232103941, 0.2957575976840752, 0.2937288385834024, 0.2951696366972878, 0.293235066888791, 0.29622176532858113, 0.2958998594749206, 0.29659872409117216, 0.2957261440332833, 0.2973319032388129, 0.2975888821069624, 0.29787057801280725]
average times
4251.234576332569
average errors
257977176.17855802
average relative_error
0.2958559987564082
