result at scale = 0.125
times
[2.291405200958252, 2.14351224899292, 2.133108139038086, 2.132669687271118, 2.1284079551696777, 2.1407291889190674, 2.1276440620422363, 2.131481647491455, 2.196805238723755, 2.268630266189575, 2.2045326232910156, 2.2123284339904785, 2.1777942180633545, 2.2294421195983887, 2.217568874359131, 2.2257165908813477, 2.272172451019287, 2.277520179748535, 2.217938184738159, 2.391812801361084]
errors
[12651.394947395216, 12976.395515106673, 12330.09420195757, 12008.857626412326, 12134.932722136735, 13885.704879980165, 11978.123449978233, 11914.409792493017, 12626.359635997502, 11676.475284260323, 12618.011946007675, 11299.213925737291, 11954.833286459987, 11843.869467801043, 11984.379113638977, 13272.389836968847, 12133.912331543823, 6366.294957636281, 12013.612376692927, 12841.18988951566]
relative_error
[0.42517122420336123, 0.43609341024017584, 0.41437337686374415, 0.40357768606036853, 0.40781464989033256, 0.46665226777726054, 0.40254481281013016, 0.40040360910381156, 0.4243298708158859, 0.39240742318390653, 0.4240493327734801, 0.37972892612371595, 0.4017621080272882, 0.3980329838621133, 0.40275504481916174, 0.44604079301548755, 0.4077803579628923, 0.2139499582482955, 0.403737477372393, 0.43154959972831225]
average times
2.206061005592346
average errors
12025.522759386015
average relative_error
0.4041377456441058
result at scale = 0.25
times
[5.296515464782715, 5.186829328536987, 4.917881488800049, 4.9466845989227295, 5.2051591873168945, 4.897800922393799, 4.98260235786438, 4.8333494663238525, 4.958743572235107, 4.83948016166687, 4.843888282775879, 4.881237506866455, 4.946830987930298, 4.7988059520721436, 4.895326614379883, 4.792927980422974, 4.850297689437866, 4.911791801452637, 4.836809158325195, 5.1407225131988525]
errors
[20568.97336042738, 21322.723279750397, 22583.447722017445, 21036.093990502864, 21335.853691222335, 22122.6912962613, 18986.92639300294, 20032.13055113511, 20538.928195802466, 22614.06586143536, 22311.015574147983, 21338.96461502998, 21843.55210415997, 19644.32514244836, 21754.82134372188, 21383.865043230908, 21117.404916890308, 21823.739843452466, 19961.516391530604, 22066.075512692172]
relative_error
[0.342719118923428, 0.3552780592123964, 0.376284181515528, 0.3505022575354127, 0.3554968374164376, 0.3686070829308579, 0.31635913812757954, 0.3337742731415284, 0.3422185080194356, 0.3767943392944559, 0.3717449318384455, 0.3555486714602526, 0.3639560808464264, 0.3273126804480124, 0.36247765372680874, 0.3562967999605263, 0.3518570557823668, 0.3636259700326985, 0.3325977038427546, 0.3676637538146221]
average times
4.948184251785278
average errors
21219.35574144311
average relative_error
0.3535557548934988
result at scale = 0.5
times
[11.260558843612671, 11.184706211090088, 11.238654613494873, 11.249664783477783, 11.100430250167847, 11.407987594604492, 11.371786117553711, 11.32518458366394, 11.632059097290039, 11.425076484680176, 11.188721179962158, 11.422910690307617, 11.504311800003052, 11.528526306152344, 11.501714944839478, 11.67244553565979, 11.541972398757935, 11.21555757522583, 11.51622462272644, 11.864672422409058]
errors
[37661.52009544923, 38665.05533898104, 38150.24828993574, 38339.72420065291, 38699.960507400436, 37602.147193244586, 38707.95836431548, 37785.53598634794, 38035.35723889907, 40964.137309335856, 38872.71256762954, 37208.014753596435, 38155.607657720946, 37084.51677119738, 37157.08121167676, 40632.141984210946, 38374.34074256531, 38481.7468754547, 5891836.7000089735, 38692.13713291606]
relative_error
[0.3131752837294231, 0.32152020538497583, 0.3172393148834225, 0.31881490641420385, 0.3218104601594954, 0.3126815669212153, 0.32187696653263825, 0.31420654087785277, 0.3162839355621633, 0.34063827726731793, 0.3232469841059526, 0.3094041490607319, 0.317283880836217, 0.3083771985929915, 0.3089806099576471, 0.33787756208961595, 0.3191027611080046, 0.3199958994108842, 48.99371096908266, 0.3217454046992363]
average times
11.407658302783966
average errors
331055.3322115252
average relative_error
2.7528986438338325
result at scale = 1.0
times
[27.09816026687622, 29.691179752349854, 30.294447898864746, 30.265984296798706, 30.27257227897644, 30.471410512924194, 30.442144870758057, 30.462898015975952, 30.389578580856323, 30.376708030700684, 30.436198711395264, 30.370972156524658, 30.307231426239014, 30.29172372817993, 30.37997269630432, 30.326313972473145, 30.393367052078247, 30.355969429016113, 30.332178831100464, 30.457733154296875]
errors
[73783.1749111668, 73784.96856976193, 71165.20746825467, 71836.72915511616, 74060.52660788334, 72830.73510985955, 70757.92391135261, 73324.67490122933, 74941.03126241826, 75154.37387371802, 74083.48404341182, 70846.7093950552, 74302.81803440742, 62839.10222236483, 75973.46350823616, 73218.91361557817, 70063.50746397016, 73115.64518895306, 72742.64777453462, 73050.99564519679]
relative_error
[0.30753625175025867, 0.3075437279132447, 0.2966242803480148, 0.2994232553554611, 0.3086922836142638, 0.30356637966404865, 0.29492667844026316, 0.3056251741278414, 0.3123623222298472, 0.3132515573040594, 0.3087879726881039, 0.29529674593736666, 0.3097021804807805, 0.2619201733197932, 0.3166656114749524, 0.3051843496524972, 0.2920322755951857, 0.3047539156831448, 0.3031992221248791, 0.30448444939373526]
average times
30.17083728313446
average errors
72593.83163312344
average relative_error
0.3025789403548871
result at scale = 2.0
times
[64.9841856956482, 65.49676942825317, 65.18980050086975, 65.56284880638123, 65.56832575798035, 65.62741684913635, 65.53836297988892, 65.82570815086365, 65.7390570640564, 65.23722863197327, 65.4435784816742, 65.54325437545776, 65.57247185707092, 65.81131148338318, 65.47430348396301, 65.53726196289062, 65.29281044006348, 65.39891290664673, 65.65954303741455, 65.17710065841675]
errors
[141788.1656588274, 142247.91267512098, 144992.91170034633, 140643.73240285204, 142830.91000793973, 144874.31724583026, 144457.77282454405, 144196.56179817318, 142155.267552668, 141645.027199105, 144290.32880002115, 141831.99934545124, 144771.56299893506, 116394.7826409844, 141599.79969902954, 144309.81711642415, 144554.4093320535, 142074.5561053959, 143611.52760586946, 141987.30513139314]
relative_error
[0.2958703354982793, 0.2968296927431034, 0.30255770099232576, 0.2934822387919888, 0.2980462372667891, 0.3023102291325774, 0.30144102303837883, 0.30089595220225446, 0.2966363695321353, 0.2955716474949189, 0.3010916164466328, 0.29596180355209933, 0.3020958111424617, 0.24288178939490593, 0.2954772709610319, 0.3011322828498242, 0.3016426750998562, 0.29646794840282603, 0.29967515734994377, 0.2962858811983397]
average times
65.48401262760163
average errors
141762.9333920482
average relative_error
0.29581768315453366
result at scale = 4.0
times
[141.48434448242188, 140.90202641487122, 140.57954931259155, 146.3268735408783, 150.6690456867218, 152.89414048194885, 150.80574941635132, 145.56812930107117, 145.04237580299377, 144.62714624404907, 144.71697282791138, 144.19095420837402, 144.51714420318604, 145.34737467765808, 145.3646960258484, 144.32837677001953, 144.81103539466858, 142.63385272026062, 141.01535511016846, 157.99718976020813]
errors
[279344.33844744484, 281037.7537522182, 180099.76245737448, 280165.74955067306, 282702.80285633216, 281401.69233781926, 282430.2198270197, 282566.1815591231, 281671.71743294934, 283355.3645509322, 282298.25978191395, 281512.87540438154, 281266.4981302512, 280487.305337708, 284423.33533555816, 553598.4908690888, 281404.74475040974, 283412.512854554, 285797.5621575115, 282386.3186109341]
relative_error
[0.29088672364154117, 0.2926501101218533, 0.18754140542462355, 0.29174207509025435, 0.2943839583225718, 0.2930290864897318, 0.29410011228238475, 0.2942416918934554, 0.2933102689030212, 0.29506348357936124, 0.29396269970625827, 0.2931448635917002, 0.29288830611697264, 0.29207691742097214, 0.2961755824470574, 0.576472937009631, 0.2930322650266679, 0.2951229932257518, 0.2976065917168355, 0.29405439708736053]
average times
145.69111661911012
average errors
290568.1743002098
average relative_error
0.3025743234549003
