result at scale = 0.125
times
[215.29090452194214, 217.5787057876587, 220.51835656166077, 223.71296977996826, 222.01727890968323, 220.49452376365662, 222.81356239318848, 224.69211268424988, 224.57400059700012, 222.7032392024994, 222.7986843585968, 221.58835101127625, 228.07520604133606, 218.26688194274902, 222.17156839370728, 225.01342177391052, 221.9984872341156, 211.9282193183899, 218.15746641159058, 213.49216842651367]
errors
[263434.8628952333, 263488.59059276653, 265000.1786505878, 265007.3231133617, 266266.1109399833, 2207461.8432630803, 262781.55122868414, 262584.1661246198, 259682.11514489527, 262918.06176180847, 259117.05367912713, 262306.4673429979, 256013.11204583757, 255065.58710729936, 266747.542301557, 262591.69622086536, 266273.62042485, 261231.1739378213, 260647.44156977895, 261327.52453306038]
relative_error
[0.3110523050072715, 0.31111574431054656, 0.31290056103692554, 0.31290899690448476, 0.31439531823144384, 2.6064739002887896, 0.3102809033122381, 0.31004783965878485, 0.3066212254416267, 0.3104420889484877, 0.3059540257040283, 0.30971994514561424, 0.30228902787863904, 0.30117023208621807, 0.3149637712185485, 0.31005673086539426, 0.31440418510104323, 0.30845028596473234, 0.30776104044653707, 0.30856405251183455]
average times
220.89430545568467
average errors
359497.3011439108
average relative_error
0.4244786090031595
