result at scale = 0.125
times
[82.63125371932983, 83.41934633255005, 94.4625678062439, 110.95542097091675, 95.45508646965027, 92.51269578933716, 93.65204906463623, 93.81718587875366, 94.19748497009277, 93.93070459365845, 93.70111393928528, 94.26610589027405, 94.70267939567566, 93.83278822898865, 94.01575350761414, 94.60695743560791, 94.3032386302948, 94.32686352729797, 94.69988179206848, 94.6361825466156]
errors
[24160578.328044187, 23888406.062645793, 22614173.027059216, 23610985.862391356, 23956527.46229919, 23821602.56602109, 24027581.337799583, 23911386.600721117, 23816887.222208448, 23572466.72155375, 23433523.499482203, 23469903.779084895, 23786245.736634936, 24127523.601958524, 23591889.20076682, 23685915.646694932, 23348364.082302053, 24096145.832648594, 23351911.19923539, 23880043.403609615]
relative_error
[0.9394500965445203, 0.9288670609261854, 0.8793203020676639, 0.9180799667443414, 0.9315158657110795, 0.926269500946392, 0.9342786956935565, 0.9297606268177124, 0.9260861514362984, 0.9165822041458072, 0.9111795924360614, 0.9125941884246597, 0.9248947003795623, 0.9381648100256796, 0.9173374199243415, 0.9209935059875782, 0.9078682883105842, 0.9369447296117374, 0.9080062129620654, 0.9285418906950661]
average times
93.90626802444459
average errors
23707603.058658082
average relative_error
0.9218367904895446
result at scale = 0.25
times
[198.64285612106323, 197.95957589149475, 196.76314735412598, 195.04896473884583, 193.55930876731873, 193.84135556221008, 193.36837458610535, 196.72178554534912, 195.98600029945374, 205.4220929145813, 193.29400968551636, 191.3903522491455, 191.51566410064697, 189.92977952957153, 190.0888979434967, 194.38725352287292, 196.9313247203827, 182.56585836410522, 189.37627696990967, 186.86037635803223]
errors
[45769949.95672622, 43613514.594906166, 46085724.41264833, 46120529.0954018, 46198366.61049326, 46646789.6437261, 46175539.72555277, 46455367.86212818, 45544726.03306085, 45678196.97710903, 45279193.082171075, 46226170.68909682, 46315549.33772823, 45588366.6780889, 45871274.498765215, 45372830.53181827, 45822405.15667079, 46239452.67738661, 45979218.954757094, 46528805.776718944]
relative_error
[0.8833981729297642, 0.8417771735519176, 0.889492883054709, 0.8901646424335785, 0.8916669713345757, 0.9003219095338102, 0.8912263934342465, 0.8966273096427804, 0.879051163530493, 0.8816272639680693, 0.8739261563174535, 0.8922036132199527, 0.8939286956151611, 0.8798934643440116, 0.8853538210219036, 0.8757334371210014, 0.8844106019980831, 0.8924599666614392, 0.8874372389695152, 0.8980447225880552]
average times
193.6826627612114
average errors
45875598.61474775
average relative_error
0.885437280063526
result at scale = 0.5
times
[380.76305747032166, 379.12503027915955, 376.256413936615, 379.1064922809601, 396.1518361568451, 486.57119965553284, 504.16588377952576, 478.2709650993347, 400.74363923072815, 383.2224917411804, 376.1400454044342, 381.6131000518799, 388.2952244281769, 376.12697076797485, 380.0020229816437, 386.82522320747375, 386.31042766571045, 377.02090883255005, 448.78747153282166, 483.71694135665894]
errors
[91599009.56789494, 91539278.31407149, 91739221.01729229, 90974110.2683303, 90849781.22422434, 88116412.50859502, 90235354.94519244, 91134876.98278075, 89372562.34383631, 91323217.69569081, 90997153.72846125, 90553056.85764126, 91969304.43913609, 91664850.15450107, 90781728.69098882, 91415899.21935484, 91433779.49918886, 91606032.64122808, 91096455.98549473, 91016761.47126654]
relative_error
[0.8692120928510559, 0.8686452840133905, 0.8705426038243436, 0.8632822249348192, 0.8621024271494576, 0.836164623312346, 0.8562719410511975, 0.8648077913463718, 0.848084628041385, 0.8665950161865734, 0.8635008916464074, 0.8592867153978321, 0.8727259384867445, 0.8698368750877682, 0.8614566550486837, 0.8674745005994798, 0.8676441722534486, 0.8692787370243822, 0.8644432023009448, 0.863686955745138]
average times
407.46076729297636
average errors
90970942.37775849
average relative_error
0.8632521638150885
result at scale = 1.0
times
[1051.3565726280212, 1057.2937180995941, 1048.5436952114105, 1042.8117506504059, 1045.1955676078796, 946.0928418636322, 832.1280744075775, 822.5984647274017, 823.2836816310883, 835.4121615886688, 844.200404882431, 810.0150198936462, 894.1631398200989, 833.2607886791229, 811.5760319232941, 1003.3626475334167, 1046.339539051056, 1005.311359167099, 1048.6236922740936, 1037.8874866962433]
errors
[186614483.52989843, 185967007.00585985, 187908195.9264235, 187894374.94840476, 186604446.2649672, 186623472.65453702, 187055189.93110687, 187502612.96361405, 186266607.7271163, 186862536.62470126, 187830965.13019642, 186588402.83932972, 187761854.269324, 186033496.08236116, 186829694.95785177, 186071631.2750767, 187137182.708412, 187092913.64093006, 188192539.80952165, 186608512.3453962]
relative_error
[0.8556285222855472, 0.8526598385531886, 0.8615602013554833, 0.8614968320886663, 0.8555825013658498, 0.8556697374757386, 0.8576491637689685, 0.8597006010470365, 0.8540335096507122, 0.8567658472077068, 0.8612060976932125, 0.8555089421634184, 0.8608892239830715, 0.8529646913663189, 0.8566152679689237, 0.8531395414528344, 0.8580251011429421, 0.8578221272039634, 0.8628639197588688, 0.8556011443689177]
average times
941.9728319168091
average errors
186972306.03175145
average relative_error
0.8572691405950685
result at scale = 2.0
times
[2257.7550599575043, 1991.9750626087189, 1798.6212933063507, 1799.032592535019, 1842.1161122322083, 1799.97460603714, 1777.559451341629, 1989.1178181171417, 2074.1875336170197, 1820.8406157493591, 1772.848049879074, 1749.4906134605408, 1834.7260818481445, 1770.6839926242828, 1808.896651506424, 1778.580504655838, 1777.7522859573364, 1767.703780412674, 1781.6375932693481, 2247.400712966919]
errors
[371107569.7635318, 369346772.3537535, 370283569.4830709, 370389750.0618049, 370630955.9082824, 369970653.37346697, 372671651.90311205, 372100274.2270165, 369319543.43996793, 371455275.33348, 370805716.6968908, 370595477.0993533, 368368904.1354925, 369896488.99900174, 369866319.8420207, 371213418.23685455, 370336675.34540933, 370996343.52405864, 370962640.6652132, 318482384.1712631]
relative_error
[0.8512978523088072, 0.847258691765005, 0.8494076465404226, 0.8496512182322928, 0.8502045295517074, 0.8486898363048934, 0.854885760168266, 0.8535750550570033, 0.8471962303179342, 0.8520954674184136, 0.8506054200107862, 0.8501231433545382, 0.8450155224473405, 0.848519707808888, 0.8484505016254617, 0.8515406621713687, 0.8495294681097927, 0.8510427061827278, 0.8509653939054007, 0.7305789257167226]
average times
1872.0450206041337
average errors
367940019.22815216
average relative_error
0.8440316869498888
result at scale = 4.0
times
[4046.4957015514374, 3863.95863366127, 3853.1371335983276, 3880.507632255554, 3916.681765317917, 3891.2770326137543, 4332.699190855026, 3810.6089704036713, 3837.826337814331, 3861.0466198921204, 3798.790956735611, 3944.6882934570312, 3828.140364408493, 3895.3562548160553, 3703.6722898483276, 3347.1209077835083, 3372.3584156036377, 3338.660214662552, 3357.404480457306, 3350.354863882065]
errors
[738247648.2389116, 740244651.1799499, 739221515.160303, 739318694.0794792, 740340528.9200425, 740207138.6087494, 740786256.4755703, 738816351.0020857, 738509464.4106916, 739614356.0494437, 739443301.6743635, 737869916.5174661, 742425114.4031036, 740856495.7863168, 740402583.6559076, 739061029.0853101, 741360562.3912308, 739484109.373607, 739598582.4670837, 738918865.9985269]
relative_error
[0.8466446471532719, 0.8489348702977854, 0.8477615070823249, 0.8478729547949359, 0.8490448257790174, 0.8488918497508406, 0.8495559995699216, 0.8472968526176728, 0.8469449058278569, 0.8482120288506871, 0.8480158585393028, 0.846211453033677, 0.8514354912216737, 0.8496365521278675, 0.8491159920198799, 0.8475774568159142, 0.8502146308984226, 0.8480626580383728, 0.8481939392311626, 0.8474144199044729]
average times
3761.5393029808997
average errors
739736358.2739072
average relative_error
0.848351944677753
